0,00009294
0,00009290
0,00009285
0,00009279
0,00009271
0,00009261
0,00009251
0,00009240
0,00009227
0,00009213
0,00009199
0,00009183
0,00009166
0,00009149
0,00009131
0,00009112
0,00009092
0,00009071
0,00009050
0,00009028
0,00009005
0,00008981
0,00008957
0,00008933
0,00008907
0,00008881
0,00008855
0,00008828
0,00008800
0,00008772
0,00008743
0,00008714
0,00008684
0,00008654
0,00008623
0,00008592
0,00008561
0,00008529
0,00008496
0,00008464
0,00008430
0,00008397
0,00008363
0,00008329
0,00008294
0,00008259
0,00008224
0,00008188
0,00008152
0,00008116
0,00008079
0,00008043
0,00008005
0,00007968
0,00007930
0,00007893
0,00007854
0,00007816
0,00007777
0,00007739
0,00007700
0,00007660
0,00007621
0,00007581
0,00007541
0,00007501
0,00007461
0,00007421
0,00007380
0,00007340
0,00007299
0,00007258
0,00007217
0,00007176
0,00007134
0,00007093
0,00007051
0,00007009
0,00006968
0,00006926
0,00006884
0,00006841
0,00006799
0,00006757
0,00006715
0,00006672
0,00006630
0,00006587
0,00006545
0,00006502
0,00006459
0,00006417
0,00006374
0,00006331
0,00006288
0,00006245
0,00006203
0,00006160
0,00006117
0,00006074
0,00006033
0,00005995
0,00005957
0,00005922
0,00005887
0,00005854
0,00005822
0,00005791
0,00005762
0,00005733
0,00005705
0,00005679
0,00005653
0,00005628
0,00005603
0,00005580
0,00005557
0,00005536
0,00005515
0,00005494
0,00005474
0,00005455
0,00005437
0,00005419
0,00005402
0,00005386
0,00005370
0,00005354
0,00005339
0,00005325
0,00005311
0,00005298
0,00005285
0,00005273
0,00005261
0,00005249
0,00005238
0,00005228
0,00005218
0,00005208
0,00005199
0,00005190
0,00005181
0,00005173
0,00005166
0,00005158
0,00005151
0,00005145
0,00005138
0,00005133
0,00005127
0,00005121
0,00005116
0,00005111
0,00005106
0,00005102
0,00005098
0,00005093
0,00005090
0,00005086
0,00005082
0,00005079
0,00005076
0,00005073
0,00005070
0,00005067
0,00005065
0,00005063
0,00005060
0,00005058
0,00005057
0,00005055
0,00005053
0,00005052
0,00005050
0,00005049
0,00005048
0,00005047
0,00005046
0,00005045
0,00005044
0,00005044
0,00005043
0,00005043
0,00005042
0,00005042
0,00005042
0,00005041
0,00005041
0,00005041
0,00005041
0,00005041
0,00005041
0,00005041
0,00005041
0,00005041
0,00005041
0,00005041
0,00005041
0,00005041
0,00005041
0,00005041
0,00005041
0,00005041
0,00005041
0,00005041
0,00005041
0,00005041
0,00005041
0,00005041
0,00005041
0,00005041
0,00005040
0,00005040
0,00005041
0,00005041
0,00005041
0,00005041
0,00005041
0,00005041
0,00005041
0,00005041
0,00005041
0,00005041
0,00005041
0,00005042
0,00005042
0,00005042
0,00005042
0,00005042
0,00005042
0,00005042
0,00005043
0,00005043
0,00005043
0,00005043
0,00005043
0,00005043
0,00005043
0,00005043
0,00005043
0,00005043
0,00005043
0,00005043
0,00005043
0,00005043
0,00005043
0,00005043
0,00005042
0,00005042
0,00005042
0,00005041
0,00005041
0,00005041
0,00005041
0,00005041
0,00005041
0,00005041
0,00005041
0,00005041
0,00005041
0,00005041
0,00005041
0,00005041
0,00005041
0,00005041
0,00005041
0,00005041
0,00005041
0,00005041
0,00005041
0,00005041
0,00005041
0,00005041
0,00005042
0,00005042
0,00005042
0,00005042
0,00005042
0,00005042
0,00005042
0,00005042
0,00005042
0,00005042
0,00005042
0,00005043
0,00005043
0,00005043
0,00005043
0,00005043
0,00005043
0,00005043
0,00005043
0,00005043
0,00005044
0,00005044
0,00005044
0,00005044
0,00005044
0,00005044
0,00005044
0,00005044
0,00005044
0,00005045
0,00005045
0,00005045
0,00005045
0,00005045
0,00005045
0,00005045
0,00005046
0,00005046
0,00005046
0,00005046
0,00005046
0,00005046
0,00005046
0,00005046
0,00005046
0,00005047
0,00005047
0,00005047
0,00005047
0,00005047
0,00005047
0,00005047
0,00005047
0,00005047
0,00005047
0,00005047
0,00005047
0,00005047
0,00005047
0,00005046
0,00005046
0,00005046
0,00005046
0,00005046
0,00005046
0,00005046
0,00005046
0,00005046
0,00005046
0,00005046
0,00005046
0,00005046
0,00005046
0,00005046
0,00005046
0,00005046
0,00005046
0,00005046
0,00005046
0,00005046
0,00005046
0,00005046
0,00005046
0,00005046
0,00005046
0,00005046
0,00005046
0,00005046
0,00005046
0,00005046
0,00005046
0,00005046
0,00005046
0,00005046
0,00005046
0,00005046
0,00005046
0,00005045
0,00005045
0,00005045
0,00005045
0,00005045
0,00005045
0,00005045
0,00005045
0,00005045
0,00005045
0,00005045
0,00005045
0,00005045
0,00005045
0,00005045
0,00005045
0,00005045
0,00005045
0,00005045
0,00005045
0,00005045
0,00005045
0,00005045
0,00005045
0,00005045
0,00005045
0,00005045
0,00005045
0,00005045
0,00005045
0,00005045
0,00005045
0,00005045
0,00005045
0,00005045
0,00005045
0,00005045
0,00005045
0,00005045
0,00005045
0,00005045
0,00005045
0,00005045
0,00005045
0,00005045
0,00005045
0,00005045
0,00005045
0,00005045
0,00005045
0,00005045
0,00005045
0,00005045
0,00005044
0,00005044
0,00005044
0,00005044
0,00005044
0,00005044
0,00005044
0,00005045
0,00005045
0,00005045
0,00005045
0,00005045
0,00005045
0,00005045
0,00005045
0,00005045
0,00005046
0,00005046
0,00005046
0,00005046
0,00005047
0,00005047
0,00005047
0,00005047
0,00005048
0,00005048
0,00005048
0,00005049
0,00005049
0,00005050
0,00005050
0,00005050
0,00005051
0,00005051
0,00005052
0,00005052
0,00005053
0,00005053
0,00005054
0,00005054
0,00005055
0,00005056
0,00005056
0,00005057
0,00005057
0,00005058
0,00005058
0,00005059
0,00005060
0,00005060
0,00005061
0,00005061
0,00005062
0,00005063
0,00005063
0,00005064
0,00005065
0,00005065
0,00005066
0,00005067
0,00005067
0,00005068
0,00005069
0,00005070
0,00005070
0,00005071
0,00005072
0,00005073
0,00005073
0,00005074
0,00005075
0,00005076
0,00005076
0,00005077
0,00005078
0,00005079
0,00005080
0,00005080
0,00005081
0,00005082
0,00005083
0,00005084
0,00005085
0,00005085
0,00005086
0,00005087
0,00005088
0,00005089
0,00005090
0,00005091
0,00005092
0,00005093
0,00005094
0,00005095
0,00005096
0,00005097
0,00005098
0,00005099
0,00005100
0,00005101
0,00005102
0,00005104
0,00005105
0,00005106
0,00005107
0,00005108
0,00005109
0,00005110
0,00005111
0,00005112
0,00005113
0,00005114
0,00005115
0,00005116
0,00005116
0,00005117
0,00005118
0,00005119
0,00005120
0,00005120
0,00005121
0,00005122
0,00005122
0,00005123
0,00005124
0,00005124
0,00005125
0,00005126
0,00005126
0,00005127
0,00005127
0,00005128
0,00005129
0,00005129
0,00005130
0,00005130
0,00005131
0,00005131
0,00005132
0,00005132
0,00005133
0,00005133
0,00005133
0,00005134
0,00005134
0,00005135
0,00005135
0,00005136
0,00005136
0,00005137
0,00005137
0,00005137
0,00005138
0,00005138
0,00005139
0,00005139
0,00005139
0,00005140
0,00005140
0,00005140
0,00005141
0,00005141
0,00005142
0,00005142
0,00005142
0,00005143
0,00005143
0,00005143
0,00005144
0,00005144
0,00005144
0,00005145
0,00005145
0,00005146
0,00005146
0,00005147
0,00005147
0,00005147
0,00005148
0,00005148
0,00005149
0,00005149
0,00005150
0,00005150
0,00005151
0,00005151
0,00005152
0,00005152
0,00005153
0,00005153
0,00005153
0,00005154
0,00005154
0,00005155
0,00005155
0,00005156
0,00005156
0,00005157
0,00005157
0,00005157
0,00005158
0,00005158
0,00005159
0,00005159
0,00005159
0,00005160
0,00005160
0,00005161
0,00005161
0,00005162
0,00005162
0,00005163
0,00005164
0,00005164
0,00005165
0,00005165
0,00005166
0,00005166
0,00005167
0,00005167
0,00005168
0,00005168
0,00005169
0,00005170
0,00005170
0,00005171
0,00005171
0,00005172
0,00005172
0,00005173
0,00005173
0,00005174
0,00005174
0,00005175
0,00005175
0,00005176
0,00005176
0,00005177
0,00005177
0,00005178
0,00005178
0,00005179
0,00005179
0,00005180
0,00005180
0,00005181
0,00005181
0,00005181
0,00005182
0,00005182
0,00005183
0,00005183
0,00005183
0,00005184
0,00005184
0,00005184
0,00005185
0,00005185
0,00005186
0,00005186
0,00005186
0,00005187
0,00005187
0,00005187
0,00005187
0,00005188
0,00005188
0,00005188
0,00005188
0,00005189
0,00005189
0,00005189
0,00005189
0,00005189
0,00005189
0,00005189
0,00005189
0,00005189
0,00005189
0,00005188
0,00005188
0,00005188
0,00005188
0,00005188
0,00005187
0,00005187
0,00005187
0,00005187
0,00005186
0,00005186
0,00005186
0,00005185
0,00005185
0,00005185
0,00005184
0,00005184
0,00005183
0,00005183
0,00005182
0,00005182
0,00005181
0,00005181
0,00005180
0,00005180
0,00005179
0,00005179
0,00005178
0,00005177
0,00005177
0,00005176
0,00005175
0,00005175
0,00005174
0,00005173
0,00005173
0,00005172
0,00005171
0,00005170
0,00005169
0,00005169
0,00005168
0,00005167
0,00005166
0,00005165
0,00005164
0,00005163
0,00005163
0,00005162
0,00005161
0,00005160
0,00005159
0,00005158
0,00005157
0,00005156
0,00005155
0,00005154
0,00005153
0,00005153
0,00005152
0,00005151
0,00005150
0,00005149
0,00005149
0,00005148
0,00005147
0,00005146
0,00005146
0,00005145
0,00005144
0,00005144
0,00005143
0,00005142
0,00005142
0,00005141
0,00005140
0,00005140
0,00005139
0,00005138
0,00005138
0,00005137
0,00005136
0,00005136
0,00005135
0,00005134
0,00005134
0,00005133
0,00005133
0,00005132
0,00005132
0,00005131
0,00005130
0,00005130
0,00005129
0,00005129
0,00005128
0,00005128
0,00005128
0,00005127
0,00005127
0,00005126
0,00005126
0,00005126
0,00005125
0,00005125
0,00005125
0,00005124
0,00005124
0,00005124
0,00005123
0,00005123
0,00005123
0,00005122
0,00005122
0,00005122
0,00005122
0,00005121
0,00005121
0,00005121
0,00005121
0,00005121
0,00005120
0,00005120
0,00005120
0,00005120
0,00005120
0,00005120
0,00005120
0,00005120
0,00005120
0,00005119
0,00005119
0,00005119
0,00005120
0,00005120
0,00005120
0,00005120
0,00005120
0,00005120
0,00005120
0,00005121
0,00005121
0,00005121
0,00005122
0,00005122
0,00005122
0,00005123
0,00005123
0,00005124
0,00005124
0,00005124
0,00005125
0,00005125
0,00005126
0,00005126
0,00005126
0,00005127
0,00005127
0,00005128
0,00005128
0,00005128
0,00005129
0,00005129
0,00005130
0,00005130
0,00005130
0,00005131
0,00005131
0,00005132
0,00005132
0,00005132
0,00005133
0,00005133
0,00005134
0,00005134
0,00005134
0,00005135
0,00005135
0,00005136
0,00005136
0,00005137
0,00005137
0,00005138
0,00005138
0,00005138
0,00005139
0,00005139
0,00005140
0,00005140
0,00005141
0,00005141
0,00005141
0,00005142
0,00005142
0,00005143
0,00005143
0,00005144
0,00005144
0,00005144
0,00005145
0,00005146
0,00005146
0,00005147
0,00005147
0,00005148
0,00005148
0,00005149
0,00005149
0,00005150
0,00005151
0,00005151
0,00005152
0,00005152
0,00005153
0,00005153
0,00005154
0,00005155
0,00005155
0,00005156
0,00005156
0,00005157
0,00005157
0,00005158
0,00005158
0,00005159
0,00005160
0,00005160
0,00005161
0,00005161
0,00005161
0,00005162
0,00005162
0,00005163
0,00005163
0,00005164
0,00005164
0,00005164
0,00005165
0,00005165
0,00005165
0,00005166
0,00005166
0,00005166
0,00005166
0,00005167
0,00005167
0,00005167
0,00005168
0,00005168
0,00005168
0,00005168
0,00005169
0,00005169
0,00005169
0,00005169
0,00005170
0,00005170
0,00005170
0,00005170
0,00005171
0,00005171
0,00005171
0,00005171
0,00005172
0,00005172
0,00005172
0,00005172
0,00005173
0,00005173
0,00005173
0,00005173
0,00005173
0,00005174
0,00005174
0,00005174
0,00005174
0,00005174
0,00005175
0,00005175
0,00005175
0,00005175
0,00005175
0,00005175
0,00005176
0,00005176
0,00005176
0,00005176
0,00005176
0,00005176
0,00005177
0,00005177
0,00005177
0,00005177
0,00005177
0,00005178
0,00005178
0,00005178
0,00005178
0,00005178
0,00005178
0,00005178
0,00005178
0,00005178
0,00005178
0,00005178
0,00005179
0,00005179
0,00005179
0,00005179
0,00005179
0,00005179
0,00005179
0,00005179
0,00005179
0,00005179
0,00005179
0,00005179
0,00005179
0,00005179
0,00005179
0,00005179
0,00005179
0,00005179
0,00005179
0,00005179
0,00005179
0,00005179
0,00005179
0,00005179
0,00005179
0,00005179
0,00005179
0,00005179
0,00005179
0,00005179
0,00005180
0,00005180
0,00005180
0,00005180
0,00005180
0,00005180
0,00005180
0,00005180
0,00005180
0,00005180
0,00005180
0,00005180
0,00005180
0,00005180
0,00005180
0,00005180
0,00005180
0,00005180
0,00005180
0,00005181
0,00005181
0,00005181
0,00005181
0,00005181
0,00005181
0,00005181
0,00005181
0,00005180
0,00005180
0,00005180
0,00005180
0,00005180
0,00005180
0,00005180
0,00005180
0,00005180
0,00005180
0,00005180
0,00005180
0,00005180
0,00005180
0,00005180
0,00005180
0,00005180
0,00005180
0,00005180
0,00005180
0,00005179
0,00005179
0,00005179
0,00005179
0,00005179
0,00005179
0,00005179
0,00005179
0,00005179
0,00005179
0,00005178
0,00005178
0,00005178
0,00005178
0,00005178
0,00005178
0,00005178
0,00005178
0,00005177
0,00005177
0,00005177
0,00005177
0,00005177
0,00005177
0,00005177
0,00005176
0,00005176
0,00005176
0,00005176
0,00005176
0,00005176
0,00005176
0,00005175
0,00005175
0,00005175
0,00005175
0,00005175
0,00005175
0,00005175
0,00005175
0,00005175
0,00005175
0,00005175
0,00005175
0,00005175
0,00005174
0,00005174
0,00005174
0,00005174
0,00005174
0,00005174
0,00005174
0,00005174
0,00005174
0,00005174
0,00005174
0,00005174
0,00005174
0,00005174
0,00005174
0,00005174
0,00005174
0,00005175
0,00005175
0,00005175
0,00005175
0,00005175
0,00005175
0,00005175
0,00005175
0,00005176
0,00005176
0,00005176
0,00005176
0,00005176
0,00005177
0,00005177
0,00005177
0,00005177
0,00005178
0,00005178
0,00005178
0,00005178
0,00005179
0,00005179
0,00005179
0,00005180
0,00005180
0,00005180
0,00005181
0,00005181
0,00005181
0,00005182
0,00005182
0,00005182
0,00005183
0,00005183
0,00005184
0,00005184
0,00005184
0,00005185
0,00005185
0,00005186
0,00005186
0,00005186
0,00005187
0,00005187
0,00005188
0,00005188
0,00005189
0,00005189
0,00005190
0,00005190
0,00005191
0,00005191
0,00005192
0,00005192
0,00005193
0,00005193
0,00005194
0,00005194
0,00005195
0,00005195
0,00005196
0,00005196
0,00005197
0,00005197
0,00005198
0,00005198
0,00005199
0,00005199
0,00005200
0,00005200
0,00005201
0,00005201
0,00005202
0,00005202
0,00005203
0,00005203
0,00005203
0,00005204
0,00005204
0,00005205
0,00005205
0,00005205
0,00005206
0,00005206
0,00005206
0,00005207
0,00005207
0,00005207
0,00005207
0,00005208
0,00005208
0,00005208
0,00005208
0,00005209
0,00005209
0,00005209
0,00005209
0,00005209
0,00005210
0,00005210
0,00005210
0,00005210
0,00005210
0,00005210
0,00005211
0,00005211
0,00005211
0,00005211
0,00005211
0,00005211
0,00005211
0,00005211
0,00005211
0,00005212
0,00005212
0,00005212
0,00005212
0,00005212
0,00005212
0,00005212
0,00005212
0,00005212
0,00005212
0,00005212
0,00005212
0,00005212
0,00005212
0,00005212
0,00005212
0,00005212
0,00005212
0,00005212
0,00005212
0,00005212
0,00005212
0,00005212
0,00005212
0,00005212
0,00005212
0,00005212
0,00005212
0,00005212
0,00005212
0,00005212
0,00005212
0,00005212
0,00005212
0,00005212
0,00005212
0,00005212
0,00005212
0,00005212
0,00005212
0,00005212
0,00005212
0,00005212
0,00005212
0,00005212
0,00005212
0,00005212
0,00005212
0,00005212
0,00005212
0,00005212
0,00005212
0,00005212
0,00005212
0,00005212
0,00005212
0,00005212
0,00005212
0,00005212
0,00005212
0,00005212
0,00005212
0,00005212
0,00005212
0,00005212
0,00005212
0,00005212
0,00005212
0,00005212
0,00005212
0,00005212
0,00005212
0,00005213
0,00005213
0,00005213
0,00005213
0,00005213
0,00005213
0,00005213
0,00005213
0,00005213
0,00005213
0,00005213
0,00005213
0,00005213
0,00005214
0,00005214
0,00005214
0,00005214
0,00005214
0,00005214
0,00005214
0,00005214
0,00005214
0,00005214
0,00005214
0,00005214
0,00005215
0,00005215
0,00005215
0,00005215
0,00005215
0,00005215
0,00005215
0,00005214
0,00005214
0,00005214
0,00005214
0,00005214
0,00005214
0,00005214
0,00005214
0,00005213
0,00005213
0,00005213
0,00005213
0,00005213
0,00005212
0,00005212
0,00005212
0,00005211
0,00005211
0,00005211
0,00005211
0,00005210
0,00005210
0,00005210
0,00005209
0,00005209
0,00005208
0,00005208
0,00005208
0,00005207
0,00005207
0,00005206
0,00005206
0,00005206
0,00005205
0,00005205
0,00005204
0,00005204
0,00005203
0,00005203
0,00005202
0,00005202
0,00005201
0,00005201
0,00005200
0,00005200
0,00005199
0,00005199
0,00005198
0,00005198
0,00005197
0,00005197
0,00005196
0,00005196
0,00005195
0,00005195
0,00005194
0,00005193
0,00005193
0,00005192
0,00005192
0,00005191
0,00005191
0,00005190
0,00005189
0,00005189
0,00005188
0,00005188
0,00005187
0,00005186
0,00005186
0,00005185
0,00005185
0,00005184
0,00005183
0,00005183
0,00005182
0,00005182
0,00005181
0,00005180
0,00005180
0,00005179
0,00005178
0,00005178
0,00005177
0,00005176
0,00005176
0,00005175
0,00005175
0,00005174
0,00005173
0,00005173
0,00005172
0,00005172
0,00005171
0,00005170
0,00005170
0,00005169
0,00005169
0,00005168
0,00005168
0,00005167
0,00005167
0,00005166
0,00005166
0,00005165
0,00005165
0,00005165
0,00005164
0,00005164
0,00005163
0,00005163
0,00005163
0,00005162
0,00005162
0,00005162
0,00005161
0,00005161
0,00005161
0,00005160
0,00005160
0,00005160
0,00005160
0,00005159
0,00005159
0,00005159
0,00005159
0,00005158
0,00005158
0,00005158
0,00005158
0,00005158
0,00005157
0,00005157
0,00005157
0,00005157
0,00005157
0,00005156
0,00005156
0,00005156
0,00005156
0,00005156
0,00005156
0,00005156
0,00005155
0,00005155
0,00005155
0,00005155
0,00005155
0,00005155
0,00005155
0,00005155
0,00005155
0,00005154
0,00005154
0,00005154
0,00005154
0,00005154
0,00005154
0,00005154
0,00005154
0,00005154
0,00005154
0,00005154
0,00005154
0,00005154
0,00005154
0,00005154
0,00005154
0,00005154
0,00005154
0,00005154
0,00005154
0,00005155
0,00005155
0,00005155
0,00005155
0,00005155
0,00005155
0,00005155
0,00005155
0,00005155
0,00005156
0,00005156
0,00005156
0,00005156
0,00005156
0,00005156
0,00005157
0,00005157
0,00005157
0,00005157
0,00005157
0,00005158
0,00005158
0,00005158
0,00005158
0,00005158
0,00005159
0,00005159
0,00005159
0,00005159
0,00005159
0,00005160
0,00005160
0,00005160
0,00005160
0,00005160
0,00005161
0,00005161
0,00005161
0,00005161
0,00005161
0,00005161
0,00005162
0,00005162
0,00005162
0,00005162
0,00005162
0,00005162
0,00005162
0,00005163
0,00005163
0,00005163
0,00005163
0,00005163
0,00005163
0,00005163
0,00005164
0,00005164
0,00005164
0,00005164
0,00005164
0,00005164
0,00005164
0,00005165
0,00005165
0,00005165
0,00005165
0,00005165
0,00005165
0,00005166
0,00005166
0,00005166
0,00005166
0,00005166
0,00005166
0,00005166
0,00005167
0,00005167
0,00005167
0,00005167
0,00005167
0,00005167
0,00005167
0,00005167
0,00005168
0,00005168
0,00005168
0,00005168
0,00005168
0,00005168
0,00005168
0,00005168
0,00005168
0,00005169
0,00005169
0,00005169
0,00005169
0,00005169
0,00005169
0,00005169
0,00005169
0,00005169
0,00005169
0,00005169
0,00005169
0,00005170
0,00005170
0,00005170
0,00005170
0,00005170
0,00005170
0,00005170
0,00005170
0,00005170
0,00005170
0,00005170
0,00005170
0,00005170
0,00005170
0,00005170
0,00005170
0,00005170
0,00005170
0,00005170
0,00005170
0,00005170
0,00005170
0,00005169
0,00005169
0,00005169
0,00005169
0,00005169
0,00005169
0,00005169
0,00005169
0,00005169
0,00005169
0,00005169
0,00005170
0,00005170
0,00005170
0,00005170
0,00005170
0,00005170
0,00005170
0,00005170
0,00005170
0,00005170
0,00005170
0,00005170
0,00005170
0,00005170
0,00005170
0,00005170
0,00005170
0,00005170
0,00005170
0,00005171
0,00005171
0,00005171
0,00005171
0,00005171
0,00005171
0,00005171
0,00005171
0,00005171
0,00005171
0,00005171
0,00005171
0,00005171
0,00005171
0,00005171
0,00005172
0,00005172
0,00005172
0,00005172
0,00005172
0,00005172
0,00005172
0,00005172
0,00005172
0,00005172
0,00005172
0,00005172
0,00005172
0,00005172
0,00005172
0,00005172
0,00005173
0,00005173
0,00005173
0,00005173
0,00005173
0,00005173
0,00005173
0,00005173
0,00005173
0,00005173
0,00005173
0,00005173
0,00005173
0,00005173
0,00005173
0,00005173
0,00005173
0,00005173
0,00005173
0,00005173
0,00005173
0,00005173
0,00005173
0,00005173
0,00005173
0,00005173
0,00005174
0,00005174
0,00005174
0,00005174
0,00005174
0,00005174
0,00005174
0,00005174
0,00005174
0,00005174
0,00005174
0,00005174
0,00005174
0,00005174
0,00005174
0,00005174
0,00005174
0,00005174
0,00005174
0,00005174
0,00005174
0,00005174
0,00005174
0,00005174
0,00005174
0,00005174
0,00005174
0,00005174
0,00005175
0,00005175
0,00005175
0,00005175
0,00005175
0,00005175
0,00005175
0,00005175
0,00005175
0,00005175
0,00005175
0,00005175
0,00005175
0,00005175
0,00005175
0,00005175
0,00005175
0,00005175
0,00005175
0,00005175
0,00005175
0,00005175
0,00005176
0,00005176
0,00005176
0,00005176
0,00005176
0,00005176
0,00005176
0,00005176
0,00005176
0,00005176
0,00005176
0,00005176
0,00005176
0,00005176
0,00005176
0,00005176
0,00005176
0,00005176
0,00005176
0,00005175
0,00005175
0,00005175
0,00005175
0,00005175
0,00005175
0,00005175
0,00005175
0,00005175
0,00005175
0,00005175
0,00005175
0,00005175
0,00005175
0,00005175
0,00005175
0,00005175
0,00005175
0,00005175
0,00005175
0,00005175
0,00005175
0,00005175
0,00005175
0,00005175
0,00005175
0,00005175
0,00005174
0,00005174
0,00005174
0,00005174
0,00005174
0,00005174
0,00005174
0,00005174
0,00005174
0,00005174
0,00005174
0,00005174
0,00005174
0,00005174
0,00005174
0,00005174
0,00005174
0,00005174
0,00005174
0,00005174
0,00005174
0,00005174
0,00005174
0,00005174
0,00005174
0,00005174
0,00005173
0,00005173
0,00005173
0,00005173
0,00005173
0,00005173
0,00005173
0,00005173
0,00005173
0,00005173
0,00005173
0,00005173
0,00005173
0,00005173
0,00005172
0,00005172
0,00005172
0,00005172
0,00005172
0,00005172
0,00005172
0,00005172
0,00005172
0,00005172
0,00005171
0,00005171
0,00005171
0,00005171
0,00005171
0,00005171
0,00005171
0,00005171
0,00005171
0,00005171
0,00005171
0,00005170
0,00005170
0,00005170
0,00005170
0,00005170
0,00005170
0,00005170
0,00005170
0,00005170
0,00005170
0,00005170
0,00005170
0,00005170
0,00005170
0,00005170
0,00005170
0,00005170
0,00005170
0,00005170
0,00005170
0,00005170
0,00005170
0,00005170
0,00005170
0,00005170
0,00005170
0,00005170
0,00005170
0,00005170
0,00005169
0,00005169
0,00005169
0,00005169
0,00005169
0,00005169
0,00005169
0,00005169
0,00005169
0,00005169
0,00005169
0,00005169
0,00005169
0,00005169
0,00005169
0,00005169
0,00005169
0,00005169
0,00005169
0,00005169
0,00005169
0,00005169
0,00005169
0,00005169
0,00005169
0,00005169
0,00005169
0,00005169
0,00005169
0,00005169
0,00005169
0,00005169
0,00005169
0,00005169
0,00005169
0,00005169
0,00005169
0,00005169
0,00005169
0,00005169
0,00005169
0,00005169
0,00005169
0,00005169
0,00005169
0,00005169
0,00005169
0,00005169
0,00005169
0,00005169
0,00005169
0,00005169
0,00005169
0,00005169
0,00005169
0,00005169
0,00005169
0,00005169
0,00005169
0,00005169
0,00005169
0,00005169
0,00005169
0,00005169
0,00005169
0,00005169
0,00005169
0,00005169
0,00005169
0,00005169
0,00005169
0,00005169
0,00005169
0,00005169
0,00005169
0,00005169
0,00005169
0,00005169
0,00005169
0,00005169
0,00005169
0,00005169
0,00005169
0,00005170
0,00005170
0,00005170
0,00005171
0,00005172
0,00005172
0,00005173
0,00005173
0,00005174
0,00005175
0,00005176
0,00005177
0,00005178
0,00005178
0,00005179
0,00005180
0,00005181
0,00005182
0,00005184
0,00005185
0,00005186
0,00005187
0,00005188
0,00005189
0,00005190
0,00005192
0,00005193
0,00005194
0,00005195
0,00005197
0,00005198
0,00005199
0,00005201
0,00005202
0,00005203
0,00005205
0,00005206
0,00005208
0,00005209
0,00005211
0,00005213
0,00005214
0,00005216
0,00005218
0,00005219
0,00005221
0,00005223
0,00005225
0,00005226
0,00005228
0,00005230
0,00005232
0,00005234
0,00005235
0,00005237
0,00005239
0,00005241
0,00005243
0,00005244
0,00005246
0,00005248
0,00005250
0,00005252
0,00005253
0,00005255
0,00005257
0,00005259
0,00005261
0,00005263
0,00005264
0,00005266
0,00005268
0,00005270
0,00005272
0,00005274
0,00005276
0,00005278
0,00005280
0,00005282
0,00005284
0,00005286
0,00005288
0,00005290
0,00005292
0,00005294
0,00005296
0,00005298
0,00005300
0,00005302
0,00005304
0,00005306
0,00005308
0,00005311
0,00005313
0,00005315
0,00005317
0,00005319
0,00005321
0,00005323
0,00005325
0,00005327
0,00005329
0,00005331
0,00005332
0,00005334
0,00005336
0,00005339
0,00005342
0,00005345
0,00005348
0,00005352
0,00005357
0,00005361
0,00005367
0,00005372
0,00005378
0,00005384
0,00005391
0,00005398
0,00005405
0,00005413
0,00005421
0,00005430
0,00005439
0,00005449
0,00005459
0,00005470
0,00005481
0,00005493
0,00005506
0,00005519
0,00005532
0,00005546
0,00005560
0,00005575
0,00005590
0,00005605
0,00005620
0,00005636
0,00005651
0,00005667
0,00005683
0,00005699
0,00005715
0,00005731
0,00005746
0,00005762
0,00005778
0,00005794
0,00005810
0,00005826
0,00005842
0,00005858
0,00005874
0,00005891
0,00005907
0,00005923
0,00005940
0,00005956
0,00005972
0,00005988
0,00006004
0,00006020
0,00006036
0,00006053
0,00006069
0,00006086
0,00006102
0,00006119
0,00006135
0,00006152
0,00006169
0,00006185
0,00006202
0,00006218
0,00006235
0,00006252
0,00006268
0,00006284
0,00006300
0,00006316
0,00006332
0,00006348
0,00006364
0,00006379
0,00006395
0,00006410
0,00006426
0,00006441
0,00006456
0,00006471
0,00006486
0,00006501
0,00006516
0,00006531
0,00006546
0,00006561
0,00006575
0,00006590
0,00006605
0,00006619
0,00006633
0,00006647
0,00006661
0,00006675
0,00006688
0,00006701
0,00006713
0,00006725
0,00006736
0,00006746
0,00006756
0,00006765
0,00006774
0,00006782
0,00006789
0,00006796
0,00006802
0,00006808
0,00006813
0,00006818
0,00006822
0,00006825
0,00006828
0,00006830
0,00006832
0,00006833
0,00006833
0,00006833
0,00006832
0,00006830
0,00006828
0,00006825
0,00006821
0,00006817
0,00006813
0,00006808
0,00006803
0,00006798
0,00006792
0,00006786
0,00006780
0,00006774
0,00006768
0,00006763
0,00006757
0,00006750
0,00006744
0,00006738
0,00006731
0,00006725
0,00006718
0,00006711
0,00006704
0,00006696
0,00006689
0,00006681
0,00006674
0,00006667
0,00006660
0,00006653
0,00006645
0,00006638
0,00006631
0,00006623
0,00006616
0,00006608
0,00006600
0,00006592
0,00006584
0,00006576
0,00006568
0,00006560
0,00006552
0,00006544
0,00006536
0,00006528
0,00006520
0,00006512
0,00006504
0,00006497
0,00006489
0,00006482
0,00006475
0,00006468
0,00006461
0,00006454
0,00006447
0,00006441
0,00006434
0,00006428
0,00006422
0,00006416
0,00006410
0,00006404
0,00006398
0,00006392
0,00006387
0,00006382
0,00006376
0,00006372
0,00006367
0,00006362
0,00006358
0,00006354
0,00006350
0,00006347
0,00006343
0,00006340
0,00006337
0,00006334
0,00006332
0,00006330
0,00006328
0,00006326
0,00006324
0,00006322
0,00006320
0,00006319
0,00006318
0,00006317
0,00006316
0,00006315
0,00006315
0,00006314
0,00006314
0,00006314
0,00006314
0,00006314
0,00006314
0,00006314
0,00006314
0,00006315
0,00006316
0,00006316
0,00006317
0,00006318
0,00006319
0,00006320
0,00006322
0,00006323
0,00006324
0,00006326
0,00006327
0,00006329
0,00006331
0,00006332
0,00006334
0,00006336
0,00006338
0,00006341
0,00006343
0,00006346
0,00006348
0,00006351
0,00006353
0,00006356
0,00006358
0,00006361
0,00006364
0,00006366
0,00006369
0,00006371
0,00006374
0,00006376
0,00006379
0,00006381
0,00006384
0,00006386
0,00006389
0,00006391
0,00006394
0,00006396
0,00006399
0,00006401
0,00006404
0,00006406
0,00006408
0,00006411
0,00006413
0,00006415
0,00006418
0,00006420
0,00006422
0,00006424
0,00006426
0,00006428
0,00006430
0,00006432
0,00006434
0,00006435
0,00006437
0,00006438
0,00006439
0,00006441
0,00006441
0,00006442
0,00006443
0,00006444
0,00006444
0,00006445
0,00006445
0,00006445
0,00006445
0,00006446
0,00006445
0,00006445
0,00006445
0,00006445
0,00006444
0,00006443
0,00006443
0,00006442
0,00006442
0,00006441
0,00006441
0,00006440
0,00006440
0,00006439
0,00006438
0,00006438
0,00006437
0,00006436
0,00006436
0,00006435
0,00006434
0,00006434
0,00006433
0,00006432
0,00006432
0,00006431
0,00006430
0,00006430
0,00006429
0,00006429
0,00006428
0,00006427
0,00006426
0,00006426
0,00006425
0,00006424
0,00006423
0,00006422
0,00006421
0,00006420
0,00006419
0,00006418
0,00006417
0,00006415
0,00006414
0,00006413
0,00006412
0,00006410
0,00006409
0,00006408
0,00006407
0,00006406
0,00006404
0,00006403
0,00006402
0,00006401
0,00006400
0,00006399
0,00006399
0,00006398
0,00006397
0,00006396
0,00006395
0,00006394
0,00006394
0,00006393
0,00006392
0,00006392
0,00006391
0,00006390
0,00006390
0,00006389
0,00006389
0,00006389
0,00006388
0,00006388
0,00006388
0,00006387
0,00006387
0,00006387
0,00006386
0,00006386
0,00006386
0,00006386
0,00006386
0,00006386
0,00006386
0,00006386
0,00006386
0,00006386
0,00006387
0,00006387
0,00006387
0,00006387
0,00006388
0,00006388
0,00006388
0,00006389
0,00006389
0,00006390
0,00006390
0,00006390
0,00006391
0,00006391
0,00006391
0,00006392
0,00006392
0,00006392
0,00006393
0,00006393
0,00006393
0,00006394
0,00006394
0,00006394
0,00006394
0,00006394
0,00006395
0,00006395
0,00006395
0,00006395
0,00006395
0,00006395
0,00006395
0,00006395
0,00006395
0,00006394
0,00006394
0,00006394
0,00006393
0,00006393
0,00006393
0,00006392
0,00006392
0,00006391
0,00006391
0,00006390
0,00006389
0,00006389
0,00006388
0,00006388
0,00006387
0,00006386
0,00006386
0,00006385
0,00006384
0,00006384
0,00006383
0,00006383
0,00006382
0,00006381
0,00006381
0,00006380
0,00006380
0,00006379
0,00006378
0,00006378
0,00006377
0,00006377
0,00006376
0,00006376
0,00006375
0,00006374
0,00006374
0,00006373
0,00006373
0,00006372
0,00006372
0,00006371
0,00006371
0,00006370
0,00006370
0,00006369
0,00006369
0,00006369
0,00006368
0,00006368
0,00006367
0,00006367
0,00006366
0,00006366
0,00006365
0,00006365
0,00006364
0,00006364
0,00006363
0,00006363
0,00006362
0,00006362
0,00006361
0,00006360
0,00006360
0,00006359
0,00006359
0,00006358
0,00006357
0,00006357
0,00006356
0,00006355
0,00006354
0,00006354
0,00006353
0,00006352
0,00006351
0,00006351
0,00006350
0,00006349
0,00006348
0,00006347
0,00006347
0,00006346
0,00006345
0,00006345
0,00006344
0,00006343
0,00006342
0,00006341
0,00006341
0,00006340
0,00006339
0,00006338
0,00006338
0,00006337
0,00006337
0,00006336
0,00006336
0,00006335
0,00006335
0,00006335
0,00006334
0,00006334
0,00006333
0,00006333
0,00006332
0,00006332
0,00006332
0,00006331
0,00006331
0,00006330
0,00006330
0,00006329
0,00006328
0,00006328
0,00006327
0,00006326
0,00006325
0,00006325
0,00006324
0,00006323
0,00006322
0,00006320
0,00006319
0,00006318
0,00006316
0,00006315
0,00006313
0,00006311
0,00006310
0,00006308
0,00006306
0,00006303
0,00006301
0,00006299
0,00006297
0,00006294
0,00006292
0,00006289
0,00006286
0,00006283
0,00006281
0,00006278
0,00006275
0,00006272
0,00006268
0,00006265
0,00006262
0,00006258
0,00006255
0,00006252
0,00006248
0,00006245
0,00006241
0,00006237
0,00006234
0,00006230
0,00006226
0,00006223
0,00006220
0,00006218
0,00006215
0,00006213
0,00006212
0,00006210
0,00006209
0,00006208
0,00006207
0,00006207
0,00006206
0,00006207
0,00006207
0,00006207
0,00006208
0,00006209
0,00006211
0,00006212
0,00006213
0,00006215
0,00006217
0,00006219
0,00006221
0,00006223
0,00006226
0,00006228
0,00006231
0,00006234
0,00006236
0,00006239
0,00006242
0,00006245
0,00006249
0,00006252
0,00006255
0,00006258
0,00006261
0,00006265
0,00006268
0,00006271
0,00006275
0,00006278
0,00006282
0,00006285
0,00006289
0,00006293
0,00006297
0,00006300
0,00006305
0,00006309
0,00006313
0,00006318
0,00006322
0,00006327
0,00006332
0,00006337
0,00006342
0,00006348
0,00006353
0,00006359
0,00006365
0,00006371
0,00006377
0,00006383
0,00006389
0,00006395
0,00006402
0,00006408
0,00006415
0,00006422
0,00006429
0,00006436
0,00006443
0,00006450
0,00006458
0,00006466
0,00006474
0,00006483
0,00006492
0,00006501
0,00006510
0,00006520
0,00006530
0,00006540
0,00006550
0,00006560
0,00006571
0,00006582
0,00006592
0,00006604
0,00006615
0,00006626
0,00006638
0,00006650
0,00006662
0,00006674
0,00006686
0,00006698
0,00006711
0,00006723
0,00006735
0,00006746
0,00006757
0,00006768
0,00006778
0,00006789
0,00006799
0,00006809
0,00006819
0,00006828
0,00006837
0,00006847
0,00006856
0,00006865
0,00006873
0,00006882
0,00006890
0,00006898
0,00006906
0,00006915
0,00006922
0,00006930
0,00006938
0,00006945
0,00006953
0,00006960
0,00006967
0,00006974
0,00006981
0,00006988
0,00006995
0,00007001
0,00007008
0,00007014
0,00007020
0,00007026
0,00007032
0,00007038
0,00007044
0,00007049
0,00007055
0,00007060
0,00007065
0,00007071
0,00007076
0,00007081
0,00007085
0,00007090
0,00007094
0,00007098
0,00007102
0,00007107
0,00007111
0,00007115
0,00007119
0,00007124
0,00007128
0,00007132
0,00007137
0,00007141
0,00007146
0,00007150
0,00007155
0,00007159
0,00007164
0,00007168
0,00007173
0,00007177
0,00007182
0,00007187
0,00007192
0,00007197
0,00007202
0,00007207
0,00007211
0,00007216
0,00007221
0,00007225
0,00007229
0,00007233
0,00007237
0,00007241
0,00007245
0,00007248
0,00007252
0,00007255
0,00007258
0,00007262
0,00007265
0,00007268
0,00007271
0,00007274
0,00007277
0,00007279
0,00007282
0,00007284
0,00007286
0,00007288
0,00007290
0,00007292
0,00007294
0,00007297
0,00007299
0,00007302
0,00007304
0,00007307
0,00007310
0,00007313
0,00007316
0,00007319
0,00007321
0,00007324
0,00007327
0,00007330
0,00007333
0,00007335
0,00007338
0,00007341
0,00007344
0,00007347
0,00007350
0,00007353
0,00007356
0,00007359
0,00007363
0,00007366
0,00007370
0,00007373
0,00007377
0,00007380
0,00007384
0,00007387
0,00007391
0,00007395
0,00007400
0,00007405
0,00007410
0,00007415
0,00007421
0,00007427
0,00007433
0,00007442
0,00007452
0,00007463
0,00007474
0,00007485
0,00007496
0,00007507
0,00007519
0,00007530
0,00007542
0,00007554
0,00007565
0,00007576
0,00007588
0,00007599
0,00007610
0,00007621
0,00007632
0,00007643
0,00007654
0,00007665
0,00007675
0,00007686
0,00007696
0,00007707
0,00007717
0,00007727
0,00007737
0,00007747
0,00007757
0,00007766
0,00007776
0,00007786
0,00007795
0,00007805
0,00007815
0,00007825
0,00007834
0,00007844
0,00007854
0,00007863
0,00007873
0,00007883
0,00007893
0,00007902
0,00007912
0,00007922
0,00007931
0,00007941
0,00007951
0,00007960
0,00007970
0,00007980
0,00007990
0,00008000
0,00008010
0,00008020
0,00008030
0,00008040
0,00008051
0,00008062
0,00008072
0,00008083
0,00008093
0,00008104
0,00008114
0,00008124
0,00008135
0,00008145
0,00008156
0,00008167
0,00008177
0,00008188
0,00008198
0,00008209
0,00008219
0,00008230
0,00008241
0,00008251
0,00008262
0,00008272
0,00008282
0,00008293
0,00008303
0,00008314
0,00008324
0,00008335
0,00008346
0,00008357
0,00008368
0,00008379
0,00008390
0,00008402
0,00008413
0,00008423
0,00008434
0,00008445
0,00008456
0,00008467
0,00008477
0,00008486
0,00008494
0,00008501
0,00008508
0,00008515
0,00008523
0,00008531
0,00008540
0,00008548
0,00008558
0,00008567
0,00008577
0,00008587
0,00008597
0,00008608
0,00008618
0,00008629
0,00008640
0,00008651
0,00008662
0,00008674
0,00008685
0,00008697
0,00008709
0,00008720
0,00008732
0,00008744
0,00008756
0,00008768
0,00008779
0,00008791
0,00008803
0,00008815
0,00008826
0,00008838
0,00008849
0,00008861
0,00008872
0,00008883
0,00008894
0,00008905
0,00008916
0,00008927
0,00008937
0,00008948
0,00008958
0,00008969
0,00008979
0,00008990
0,00009000
0,00009010
0,00009021
0,00009031
0,00009041
0,00009052
0,00009062
0,00009072
0,00009082
0,00009093
0,00009103
0,00009114
0,00009125
0,00009137
0,00009149
0,00009162
0,00009174
0,00009187
0,00009200
0,00009213
0,00009227
0,00009241
0,00009255
0,00009268
0,00009283
0,00009297
0,00009311
0,00009325
0,00009340
0,00009355
0,00009371
0,00009387
0,00009404
0,00009422
0,00009440
0,00009458
0,00009476
0,00009494
0,00009512
0,00009530
0,00009547
0,00009565
0,00009583
0,00009601
0,00009618
0,00009636
0,00009653
0,00009671
0,00009689
0,00009707
0,00009725
0,00009744
0,00009763
0,00009781
0,00009801
0,00009820
0,00009838
0,00009857
0,00009876
0,00009894
0,00009912
0,00009931
0,00009949
0,00009967
0,00009986
0,00010004
0,00010022
0,00010040
0,00010057
0,00010075
0,00010093
0,00010110
0,00010128
0,00010145
0,00010163
0,00010181
0,00010199
0,00010218
0,00010237
0,00010256
0,00010275
0,00010294
0,00010313
0,00010332
0,00010352
0,00010372
0,00010392
0,00010413
0,00010434
0,00010457
0,00010479
0,00010503
0,00010527
0,00010551
0,00010576
0,00010601
0,00010627
0,00010653
0,00010680
0,00010707
0,00010733
0,00010760
0,00010787
0,00010814
0,00010840
0,00010867
0,00010894
0,00010921
0,00010949
0,00010976
0,00011003
0,00011029
0,00011055
0,00011080
0,00011104
0,00011127
0,00011150
0,00011173
0,00011195
0,00011217
0,00011237
0,00011258
0,00011278
0,00011297
0,00011316
0,00011335
0,00011354
0,00011372
0,00011389
0,00011405
0,00011421
0,00011435
0,00011449
0,00011461
0,00011473
0,00011485
0,00011496
0,00011507
0,00011518
0,00011529
0,00011539
0,00011550
0,00011560
0,00011571
0,00011582
0,00011592
0,00011604
0,00011615
0,00011626
0,00011637
0,00011647
0,00011658
0,00011668
0,00011677
0,00011687
0,00011696
0,00011706
0,00011715
0,00011724
0,00011733
0,00011741
0,00011749
0,00011757
0,00011764
0,00011771
0,00011779
0,00011786
0,00011793
0,00011800
0,00011807
0,00011813
0,00011819
0,00011826
0,00011832
0,00011838
0,00011844
0,00011850
0,00011856
0,00011862
0,00011867
0,00011873
0,00011878
0,00011883
0,00011888
0,00011893
0,00011898
0,00011902
0,00011905
0,00011908
0,00011910
0,00011912
0,00011913
0,00011913
0,00011913
0,00011912
0,00011911
0,00011910
0,00011908
0,00011906
0,00011903
0,00011900
0,00011898
0,00011895
0,00011892
0,00011889
0,00011886
0,00011883
0,00011880
0,00011876
0,00011872
0,00011869
0,00011865
0,00011862
0,00011859
0,00011856
0,00011854
0,00011851
0,00011849
0,00011847
0,00011845
0,00011843
0,00011842
0,00011840
0,00011839
0,00011839
0,00011838
0,00011837
0,00011837
0,00011838
0,00011838
0,00011839
0,00011841
0,00011842
0,00011844
0,00011846
0,00011848
0,00011850
0,00011853
0,00011855
0,00011857
0,00011859
0,00011861
0,00011864
0,00011866
0,00011867
0,00011869
0,00011870
0,00011870
0,00011871
0,00011871
0,00011870
0,00011869
0,00011867
0,00011866
0,00011864
0,00011861
0,00011858
0,00011854
0,00011850
0,00011846
0,00011841
0,00011836
0,00011831
0,00011826
0,00011820
0,00011813
0,00011807
0,00011800
0,00011793
0,00011785
0,00011778
0,00011770
0,00011762
0,00011754
0,00011745
0,00011735
0,00011725
0,00011715
0,00011704
0,00011693
0,00011682
0,00011670
0,00011659
0,00011647
0,00011635
0,00011623
0,00011610
0,00011598
0,00011585
0,00011572
0,00011560
0,00011547
0,00011534
0,00011521
0,00011508
0,00011494
0,00011480
0,00011467
0,00011452
0,00011438
0,00011424
0,00011409
0,00011394
0,00011379
0,00011364
0,00011349
0,00011334
0,00011319
0,00011303
0,00011288
0,00011272
0,00011255
0,00011239
0,00011222
0,00011206
0,00011189
0,00011172
0,00011155
0,00011138
0,00011121
0,00011104
0,00011086
0,00011069
0,00011051
0,00011033
0,00011015
0,00010997
0,00010979
0,00010961
0,00010943
0,00010924
0,00010906
0,00010887
0,00010868
0,00010849
0,00010830
0,00010812
0,00010793
0,00010775
0,00010756
0,00010738
0,00010720
0,00010701
0,00010683
0,00010665
0,00010647
0,00010629
0,00010611
0,00010592
0,00010575
0,00010557
0,00010540
0,00010523
0,00010506
0,00010490
0,00010474
0,00010459
0,00010444
0,00010429
0,00010415
0,00010402
0,00010389
0,00010376
0,00010364
0,00010353
0,00010341
0,00010330
0,00010319
0,00010309
0,00010298
0,00010288
0,00010278
0,00010268
0,00010259
0,00010250
0,00010241
0,00010233
0,00010225
0,00010217
0,00010209
0,00010201
0,00010193
0,00010185
0,00010178
0,00010170
0,00010163
0,00010155
0,00010148
0,00010140
0,00010133
0,00010125
0,00010118
0,00010110
0,00010103
0,00010095
0,00010088
0,00010081
0,00010074
0,00010068
0,00010061
0,00010055
0,00010049
0,00010043
0,00010037
0,00010032
0,00010027
0,00010022
0,00010017
0,00010012
0,00010008
0,00010003
0,00010000
0,00009996
0,00009992
0,00009989
0,00009986
0,00009983
0,00009980
0,00009977
0,00009974
0,00009972
0,00009969
0,00009967
0,00009965
0,00009963
0,00009962
0,00009960
0,00009958
0,00009957
0,00009956
0,00009955
0,00009954
0,00009953
0,00009952
0,00009951
0,00009951
0,00009950
0,00009950
0,00009949
0,00009948
0,00009948
0,00009947
0,00009946
0,00009946
0,00009945
0,00009944
0,00009944
0,00009943
0,00009943
0,00009942
0,00009941
0,00009940
0,00009940
0,00009939
0,00009938
0,00009936
0,00009934
0,00009933
0,00009930
0,00009928
0,00009925
0,00009922
0,00009919
0,00009915
0,00009911
0,00009907
0,00009903
0,00009899
0,00009895
0,00009891
0,00009887
0,00009883
0,00009878
0,00009874
0,00009869
0,00009865
0,00009860
0,00009855
0,00009851
0,00009846
0,00009842
0,00009838
0,00009834
0,00009830
0,00009826
0,00009823
0,00009819
0,00009816
0,00009813
0,00009810
0,00009807
0,00009804
0,00009802
0,00009799
0,00009797
0,00009794
0,00009792
0,00009790
0,00009788
0,00009786
0,00009783
0,00009781
0,00009779
0,00009776
0,00009774
0,00009771
0,00009767
0,00009764
0,00009761
0,00009757
0,00009753
0,00009750
0,00009746
0,00009741
0,00009737
0,00009732
0,00009728
0,00009723
0,00009718
0,00009713
0,00009709
0,00009704
0,00009698
0,00009693
0,00009688
0,00009683
0,00009678
0,00009672
0,00009667
0,00009662
0,00009656
0,00009650
0,00009644
0,00009638
0,00009632
0,00009625
0,00009619
0,00009612
0,00009606
0,00009599
0,00009592
0,00009585
0,00009578
0,00009571
0,00009564
0,00009557
0,00009549
0,00009542
0,00009535
0,00009527
0,00009520
0,00009512
0,00009505
0,00009497
0,00009489
0,00009482
0,00009475
0,00009467
0,00009460
0,00009452
0,00009445
0,00009438
0,00009430
0,00009423
0,00009416
0,00009410
0,00009403
0,00009397
0,00009390
0,00009384
0,00009378
0,00009372
0,00009366
0,00009360
0,00009355
0,00009349
0,00009344
0,00009339
0,00009333
0,00009328
0,00009322
0,00009317
0,00009311
0,00009306
0,00009301
0,00009295
0,00009290
0,00009285
0,00009280
0,00009275
0,00009269
0,00009264
0,00009259
0,00009254
0,00009249
0,00009244
0,00009239
0,00009233
0,00009228
0,00009223
0,00009217
0,00009212
0,00009206
0,00009201
0,00009196
0,00009190
0,00009185
0,00009180
0,00009176
0,00009171
0,00009166
0,00009162
0,00009157
0,00009153
0,00009149
0,00009144
0,00009140
0,00009136
0,00009131
0,00009127
0,00009123
0,00009119
0,00009115
0,00009111
0,00009107
0,00009104
0,00009100
0,00009096
0,00009093
0,00009089
0,00009086
0,00009083
0,00009079
0,00009076
0,00009072
0,00009069
0,00009066
0,00009063
0,00009059
0,00009056
0,00009053
0,00009049
0,00009046
0,00009042
0,00009039
0,00009035
0,00009031
0,00009028
0,00009024
0,00009021
0,00009017
0,00009014
0,00009011
0,00009008
0,00009005
0,00009002
0,00009000
0,00008997
0,00008995
0,00008993
0,00008991
0,00008989
0,00008988
0,00008986
0,00008984
0,00008983
0,00008981
0,00008979
0,00008977
0,00008976
0,00008974
0,00008972
0,00008970
0,00008969
0,00008967
0,00008966
0,00008964
0,00008963
0,00008961
0,00008960
0,00008959
0,00008958
0,00008957
0,00008956
0,00008956
0,00008955
0,00008954
0,00008953
0,00008952
0,00008951
0,00008951
0,00008950
0,00008950
0,00008950
0,00008950
0,00008950
0,00008950
0,00008951
0,00008952
0,00008953
0,00008954
0,00008955
0,00008957
0,00008959
0,00008961
0,00008962
0,00008964
0,00008966
0,00008967
0,00008969
0,00008970
0,00008972
0,00008973
0,00008975
0,00008977
0,00008978
0,00008980
0,00008982
0,00008984
0,00008986
0,00008988
0,00008990
0,00008992
0,00008994
0,00008997
0,00008999
0,00009002
0,00009005
0,00009007
0,00009010
0,00009013
0,00009016
0,00009019
0,00009023
0,00009026
0,00009030
0,00009033
0,00009037
0,00009041
0,00009045
0,00009049
0,00009052
0,00009057
0,00009061
0,00009065
0,00009069
0,00009074
0,00009078
0,00009083
0,00009087
0,00009091
0,00009096
0,00009100
0,00009104
0,00009108
0,00009112
0,00009116
0,00009120
0,00009124
0,00009128
0,00009131
0,00009135
0,00009138
0,00009142
0,00009145
0,00009149
0,00009152
0,00009156
0,00009159
0,00009162
0,00009165
0,00009169
0,00009172
0,00009175
0,00009178
0,00009181
0,00009183
0,00009186
0,00009189
0,00009191
0,00009193
0,00009196
0,00009198
0,00009201
0,00009203
0,00009206
0,00009209
0,00009212
0,00009215
0,00009219
0,00009222
0,00009225
0,00009228
0,00009232
0,00009235
0,00009238
0,00009241
0,00009244
0,00009247
0,00009250
0,00009253
0,00009256
0,00009258
0,00009261
0,00009264
0,00009267
0,00009270
0,00009274
0,00009277
0,00009280
0,00009283
0,00009287
0,00009290
0,00009293
0,00009297
0,00009300
0,00009304
0,00009308
0,00009311
0,00009315
0,00009319
0,00009323
0,00009327
0,00009331
0,00009335
0,00009340
0,00009344
0,00009348
0,00009352
0,00009357
0,00009361
0,00009366
0,00009371
0,00009376
0,00009382
0,00009388
0,00009395
0,00009401
0,00009408
0,00009415
0,00009422
0,00009430
0,00009437
0,00009444
0,00009451
0,00009459
0,00009466
0,00009474
0,00009481
0,00009489
0,00009497
0,00009505
0,00009513
0,00009521
0,00009529
0,00009538
0,00009546
0,00009554
0,00009563
0,00009571
0,00009580
0,00009589
0,00009598
0,00009607
0,00009616
0,00009625
0,00009634
0,00009644
0,00009653
0,00009662
0,00009672
0,00009681
0,00009691
0,00009701
0,00009710
0,00009720
0,00009730
0,00009740
0,00009750
0,00009760
0,00009770
0,00009780
0,00009790
0,00009799
0,00009808
0,00009817
0,00009826
0,00009834
0,00009843
0,00009851
0,00009859
0,00009867
0,00009875
0,00009882
0,00009889
0,00009896
0,00009903
0,00009910
0,00009916
0,00009923
0,00009929
0,00009935
0,00009941
0,00009947
0,00009952
0,00009958
0,00009963
0,00009969
0,00009974
0,00009979
0,00009984
0,00009989
0,00009993
0,00009998
0,00010002
0,00010007
0,00010011
0,00010015
0,00010019
0,00010022
0,00010026
0,00010029
0,00010032
0,00010035
0,00010038
0,00010040
0,00010042
0,00010044
0,00010046
0,00010048
0,00010050
0,00010051
0,00010052
0,00010053
0,00010054
0,00010054
0,00010054
0,00010053
0,00010052
0,00010051
0,00010050
0,00010049
0,00010048
0,00010047
0,00010046
0,00010045
0,00010044
0,00010042
0,00010041
0,00010039
0,00010038
0,00010036
0,00010035
0,00010033
0,00010032
0,00010030
0,00010028
0,00010026
0,00010024
0,00010022
0,00010020
0,00010018
0,00010015
0,00010012
0,00010009
0,00010006
0,00010003
0,00010000
0,00009997
0,00009993
0,00009990
0,00009986
0,00009982
0,00009978
0,00009974
0,00009970
0,00009965
0,00009961
0,00009956
0,00009951
0,00009947
0,00009942
0,00009938
0,00009933
0,00009929
0,00009925
0,00009921
0,00009917
0,00009913
0,00009909
0,00009905
0,00009901
0,00009897
0,00009893
0,00009889
0,00009886
0,00009883
0,00009879
0,00009876
0,00009873
0,00009870
0,00009867
0,00009864
0,00009862
0,00009859
0,00009856
0,00009854
0,00009851
0,00009849
0,00009847
0,00009845
0,00009844
0,00009843
0,00009842
0,00009841
0,00009840
0,00009840
0,00009839
0,00009839
0,00009839
0,00009839
0,00009839
0,00009839
0,00009839
0,00009839
0,00009840
0,00009840
0,00009841
0,00009841
0,00009842
0,00009842
0,00009843
0,00009843
0,00009844
0,00009844
0,00009845
0,00009845
0,00009846
0,00009847
0,00009848
0,00009849
0,00009850
0,00009851
0,00009852
0,00009853
0,00009854
0,00009856
0,00009857
0,00009858
0,00009860
0,00009861
0,00009863
0,00009865
0,00009867
0,00009870
0,00009873
0,00009876
0,00009880
0,00009883
0,00009887
0,00009890
0,00009894
0,00009898
0,00009903
0,00009907
0,00009912
0,00009917
0,00009923
0,00009928
0,00009934
0,00009941
0,00009947
0,00009954
0,00009962
0,00009969
0,00009977
0,00009985
0,00009993
0,00010001
0,00010009
0,00010018
0,00010027
0,00010035
0,00010044
0,00010053
0,00010061
0,00010070
0,00010078
0,00010087
0,00010095
0,00010104
0,00010113
0,00010121
0,00010130
0,00010139
0,00010147
0,00010156
0,00010164
0,00010172
0,00010180
0,00010188
0,00010196
0,00010203
0,00010211
0,00010219
0,00010226
0,00010234
0,00010241
0,00010248
0,00010255
0,00010262
0,00010269
0,00010275
0,00010282
0,00010288
0,00010295
0,00010302
0,00010309
0,00010316
0,00010322
0,00010329
0,00010336
0,00010343
0,00010349
0,00010356
0,00010362
0,00010369
0,00010375
0,00010381
0,00010387
0,00010392
0,00010398
0,00010403
0,00010408
0,00010413
0,00010418
0,00010423
0,00010428
0,00010433
0,00010437
0,00010442
0,00010447
0,00010452
0,00010457
0,00010462
0,00010467
0,00010472
0,00010476
0,00010481
0,00010486
0,00010490
0,00010495
0,00010499
0,00010502
0,00010506
0,00010509
0,00010512
0,00010514
0,00010517
0,00010521
0,00010523
0,00010526
0,00010529
0,00010531
0,00010534
0,00010536
0,00010538
0,00010539
0,00010541
0,00010542
0,00010543
0,00010544
0,00010544
0,00010545
0,00010545
0,00010545
0,00010545
0,00010545
0,00010545
0,00010544
0,00010543
0,00010543
0,00010542
0,00010541
0,00010540
0,00010538
0,00010537
0,00010536
0,00010535
0,00010533
0,00010532
0,00010531
0,00010530
0,00010529
0,00010528
0,00010527
0,00010527
0,00010526
0,00010526
0,00010526
0,00010526
0,00010526
0,00010527
0,00010527
0,00010528
0,00010528
0,00010529
0,00010529
0,00010530
0,00010531
0,00010531
0,00010532
0,00010533
0,00010534
0,00010534
0,00010535
0,00010536
0,00010536
0,00010537
0,00010538
0,00010538
0,00010539
0,00010540
0,00010542
0,00010543
0,00010545
0,00010546
0,00010548
0,00010550
0,00010553
0,00010555
0,00010558
0,00010561
0,00010564
0,00010568
0,00010571
0,00010575
0,00010578
0,00010582
0,00010585
0,00010588
0,00010591
0,00010594
0,00010597
0,00010599
0,00010602
0,00010605
0,00010607
0,00010610
0,00010612
0,00010615
0,00010617
0,00010620
0,00010622
0,00010624
0,00010627
0,00010629
0,00010631
0,00010633
0,00010634
0,00010636
0,00010637
0,00010639
0,00010640
0,00010641
0,00010642
0,00010644
0,00010645
0,00010646
0,00010647
0,00010648
0,00010649
0,00010649
0,00010650
0,00010651
0,00010652
0,00010652
0,00010653
0,00010654
0,00010655
0,00010656
0,00010656
0,00010657
0,00010658
0,00010659
0,00010660
0,00010661
0,00010662
0,00010663
0,00010663
0,00010663
0,00010664
0,00010664
0,00010664
0,00010663
0,00010663
0,00010662
0,00010661
0,00010660
0,00010659
0,00010657
0,00010656
0,00010654
0,00010652
0,00010650
0,00010647
0,00010645
0,00010642
0,00010640
0,00010637
0,00010634
0,00010631
0,00010628
0,00010625
0,00010621
0,00010618
0,00010614
0,00010610
0,00010606
0,00010601
0,00010597
0,00010592
0,00010587
0,00010582
0,00010577
0,00010572
0,00010566
0,00010561
0,00010555
0,00010549
0,00010543
0,00010537
0,00010531
0,00010524
0,00010518
0,00010511
0,00010505
0,00010498
0,00010492
0,00010485
0,00010479
0,00010473
0,00010466
0,00010460
0,00010454
0,00010448
0,00010442
0,00010436
0,00010430
0,00010424
0,00010418
0,00010412
0,00010406
0,00010400
0,00010394
0,00010388
0,00010382
0,00010377
0,00010371
0,00010365
0,00010359
0,00010354
0,00010348
0,00010343
0,00010338
0,00010333
0,00010327
0,00010322
0,00010317
0,00010312
0,00010307
0,00010302
0,00010298
0,00010293
0,00010288
0,00010284
0,00010279
0,00010274
0,00010269
0,00010265
0,00010260
0,00010255
0,00010251
0,00010246
0,00010242
0,00010238
0,00010233
0,00010229
0,00010226
0,00010222
0,00010218
0,00010214
0,00010211
0,00010207
0,00010204
0,00010201
0,00010198
0,00010194
0,00010191
0,00010189
0,00010186
0,00010183
0,00010180
0,00010178
0,00010176
0,00010173
0,00010171
0,00010169
0,00010167
0,00010165
0,00010164
0,00010162
0,00010160
0,00010159
0,00010157
0,00010155
0,00010154
0,00010152
0,00010151
0,00010150
0,00010148
0,00010147
0,00010145
0,00010144
0,00010143
0,00010142
0,00010141
0,00010140
0,00010138
0,00010137
0,00010136
0,00010135
0,00010134
0,00010133
0,00010132
0,00010131
0,00010129
0,00010128
0,00010127
0,00010126
0,00010124
0,00010123
0,00010122
0,00010120
0,00010119
0,00010117
0,00010116
0,00010114
0,00010112
0,00010111
0,00010109
0,00010107
0,00010105
0,00010104
0,00010102
0,00010101
0,00010100
0,00010098
0,00010097
0,00010096
0,00010095
0,00010093
0,00010092
0,00010091
0,00010089
0,00010088
0,00010087
0,00010086
0,00010084
0,00010083
0,00010082
0,00010081
0,00010080
0,00010079
0,00010079
0,00010078
0,00010077
0,00010077
0,00010076
0,00010076
0,00010075
0,00010075
0,00010074
0,00010074
0,00010073
0,00010072
0,00010071
0,00010070
0,00010070
0,00010069
0,00010068
0,00010067
0,00010066
0,00010065
0,00010064
0,00010063
0,00010062
0,00010061
0,00010060
0,00010059
0,00010057
0,00010056
0,00010055
0,00010053
0,00010052
0,00010051
0,00010049
0,00010048
0,00010046
0,00010044
0,00010043
0,00010041
0,00010039
0,00010037
0,00010035
0,00010033
0,00010031
0,00010029
0,00010027
0,00010025
0,00010023
0,00010020
0,00010018
0,00010016
0,00010013
0,00010011
0,00010008
0,00010005
0,00010002
0,00009999
0,00009995
0,00009992
0,00009988
0,00009984
0,00009981
0,00009977
0,00009973
0,00009968
0,00009964
0,00009960
0,00009956
0,00009952
0,00009948
0,00009944
0,00009939
0,00009935
0,00009931
0,00009926
0,00009922
0,00009918
0,00009914
0,00009909
0,00009905
0,00009901
0,00009897
0,00009893
0,00009889
0,00009885
0,00009880
0,00009876
0,00009872
0,00009868
0,00009863
0,00009859
0,00009855
0,00009851
0,00009847
0,00009843
0,00009839
0,00009834
0,00009830
0,00009826
0,00009822
0,00009818
0,00009814
0,00009810
0,00009805
0,00009801
0,00009796
0,00009791
0,00009786
0,00009782
0,00009777
0,00009772
0,00009767
0,00009763
0,00009758
0,00009753
0,00009748
0,00009742
0,00009737
0,00009731
0,00009726
0,00009720
0,00009714
0,00009707
0,00009701
0,00009695
0,00009689
0,00009682
0,00009677
0,00009671
0,00009665
0,00009660
0,00009655
0,00009650
0,00009645
0,00009641
0,00009637
0,00009633
0,00009629
0,00009625
0,00009621
0,00009618
0,00009614
0,00009611
0,00009608
0,00009605
0,00009603
0,00009600
0,00009597
0,00009595
0,00009593
0,00009590
0,00009588
0,00009586
0,00009584
0,00009583
0,00009582
0,00009581
0,00009580
0,00009580
0,00009580
0,00009580
0,00009580
0,00009581
0,00009582
0,00009582
0,00009583
0,00009584
0,00009585
0,00009586
0,00009588
0,00009590
0,00009592
0,00009594
0,00009598
0,00009602
0,00009607
0,00009613
0,00009620
0,00009627
0,00009634
0,00009642
0,00009651
0,00009660
0,00009669
0,00009679
0,00009689
0,00009699
0,00009709
0,00009720
0,00009731
0,00009743
0,00009755
0,00009767
0,00009779
0,00009792
0,00009805
0,00009818
0,00009831
0,00009844
0,00009858
0,00009872
0,00009886
0,00009900
0,00009915
0,00009930
0,00009945
0,00009961
0,00009976
0,00009992
0,00010008
0,00010024
0,00010040
0,00010057
0,00010073
0,00010090
0,00010108
0,00010126
0,00010144
0,00010163
0,00010182
0,00010201
0,00010222
0,00010242
0,00010264
0,00010285
0,00010307
0,00010329
0,00010351
0,00010373
0,00010395
0,00010417
0,00010438
0,00010460
0,00010481
0,00010502
0,00010523
0,00010544
0,00010565
0,00010586
0,00010608
0,00010629
0,00010650
0,00010672
0,00010693
0,00010715
0,00010736
0,00010758
0,00010779
0,00010801
0,00010822
0,00010844
0,00010865
0,00010887
0,00010908
0,00010929
0,00010950
0,00010971
0,00010992
0,00011013
0,00011034
0,00011055
0,00011075
0,00011096
0,00011117
0,00011137
0,00011158
0,00011179
0,00011199
0,00011220
0,00011240
0,00011260
0,00011281
0,00011301
0,00011320
0,00011339
0,00011356
0,00011373
0,00011388
0,00011403
0,00011416
0,00011430
0,00011442
0,00011453
0,00011465
0,00011475
0,00011485
0,00011495
0,00011504
0,00011512
0,00011520
0,00011528
0,00011535
0,00011541
0,00011547
0,00011552
0,00011557
0,00011561
0,00011565
0,00011569
0,00011572
0,00011574
0,00011576
0,00011577
0,00011578
0,00011579
0,00011579
0,00011579
0,00011579
0,00011579
0,00011578
0,00011576
0,00011575
0,00011573
0,00011571
0,00011569
0,00011566
0,00011563
0,00011559
0,00011555
0,00011551
0,00011547
0,00011542
0,00011536
0,00011530
0,00011524
0,00011517
0,00011510
0,00011503
0,00011496
0,00011488
0,00011481
0,00011473
0,00011465
0,00011457
0,00011449
0,00011441
0,00011432
0,00011424
0,00011414
0,00011405
0,00011396
0,00011386
0,00011376
0,00011366
0,00011356
0,00011345
0,00011335
0,00011324
0,00011314
0,00011303
0,00011292
0,00011281
0,00011270
0,00011259
0,00011248
0,00011237
0,00011225
0,00011214
0,00011202
0,00011191
0,00011179
0,00011167
0,00011155
0,00011143
0,00011130
0,00011118
0,00011106
0,00011093
0,00011080
0,00011067
0,00011054
0,00011041
0,00011027
0,00011013
0,00010999
0,00010986
0,00010972
0,00010959
0,00010946
0,00010933
0,00010920
0,00010907
0,00010895
0,00010883
0,00010871
0,00010859
0,00010847
0,00010836
0,00010824
0,00010812
0,00010801
0,00010790
0,00010779
0,00010768
0,00010757
0,00010747
0,00010736
0,00010726
0,00010716
0,00010706
0,00010697
0,00010687
0,00010678
0,00010668
0,00010659
0,00010650
0,00010642
0,00010633
0,00010624
0,00010616
0,00010607
0,00010599
0,00010590
0,00010582
0,00010574
0,00010566
0,00010558
0,00010550
0,00010542
0,00010533
0,00010525
0,00010517
0,00010509
0,00010500
0,00010492
0,00010484
0,00010475
0,00010467
0,00010459
0,00010450
0,00010442
0,00010434
0,00010425
0,00010417
0,00010409
0,00010401
0,00010392
0,00010384
0,00010376
0,00010368
0,00010360
0,00010352
0,00010344
0,00010336
0,00010328
0,00010320
0,00010312
0,00010304
0,00010297
0,00010289
0,00010282
0,00010274
0,00010267
0,00010259
0,00010252
0,00010245
0,00010237
0,00010230
0,00010223
0,00010216
0,00010209
0,00010202
0,00010195
0,00010188
0,00010182
0,00010176
0,00010170
0,00010164
0,00010159
0,00010153
0,00010148
0,00010143
0,00010138
0,00010134
0,00010129
0,00010124
0,00010120
0,00010115
0,00010111
0,00010107
0,00010103
0,00010098
0,00010094
0,00010090
0,00010086
0,00010081
0,00010077
0,00010073
0,00010069
0,00010066
0,00010062
0,00010058
0,00010054
0,00010051
0,00010047
0,00010044
0,00010041
0,00010038
0,00010035
0,00010032
0,00010030
0,00010027
0,00010025
0,00010022
0,00010020
0,00010017
0,00010015
0,00010013
0,00010010
0,00010008
0,00010006
0,00010005
0,00010003
0,00010002
0,00010002
0,00010002
0,00010002
0,00010003
0,00010005
0,00010007
0,00010009
0,00010011
0,00010014
0,00010017
0,00010020
0,00010023
0,00010027
0,00010031
0,00010035
0,00010039
0,00010043
0,00010048
0,00010053
0,00010057
0,00010062
0,00010067
0,00010072
0,00010077
0,00010082
0,00010087
0,00010092
0,00010097
0,00010102
0,00010108
0,00010113
0,00010118
0,00010124
0,00010129
0,00010135
0,00010141
0,00010147
0,00010154
0,00010161
0,00010169
0,00010177
0,00010186
0,00010195
0,00010205
0,00010214
0,00010225
0,00010235
0,00010246
0,00010257
0,00010268
0,00010279
0,00010291
0,00010302
0,00010314
0,00010326
0,00010338
0,00010350
0,00010362
0,00010375
0,00010387
0,00010400
0,00010413
0,00010426
0,00010439
0,00010453
0,00010466
0,00010480
0,00010494
0,00010507
0,00010520
0,00010532
0,00010545
0,00010556
0,00010568
0,00010578
0,00010589
0,00010599
0,00010609
0,00010618
0,00010628
0,00010636
0,00010645
0,00010653
0,00010661
0,00010668
0,00010675
0,00010682
0,00010688
0,00010694
0,00010700
0,00010705
0,00010710
0,00010714
0,00010718
0,00010722
0,00010726
0,00010730
0,00010733
0,00010736
0,00010738
0,00010740
0,00010741
0,00010742
0,00010742
0,00010742
0,00010741
0,00010740
0,00010740
0,00010738
0,00010737
0,00010735
0,00010734
0,00010731
0,00010729
0,00010727
0,00010724
0,00010722
0,00010719
0,00010716
0,00010714
0,00010711
0,00010708
0,00010704
0,00010702
0,00010700
0,00010698
0,00010697
0,00010695
0,00010694
0,00010693
0,00010693
0,00010692
0,00010691
0,00010691
0,00010689
0,00010688
0,00010686
0,00010683
0,00010679
0,00010675
0,00010670
0,00010665
0,00010659
0,00010652
0,00010646
0,00010638
0,00010630
0,00010622
0,00010614
0,00010605
0,00010596
0,00010586
0,00010577
0,00010567
0,00010557
0,00010546
0,00010536
0,00010525
0,00010515
0,00010504
0,00010493
0,00010482
0,00010471
0,00010460
0,00010448
0,00010437
0,00010426
0,00010414
0,00010404
0,00010394
0,00010385
0,00010376
0,00010367
0,00010359
0,00010351
0,00010343
0,00010336
0,00010328
0,00010321
0,00010315
0,00010308
0,00010302
0,00010296
0,00010290
0,00010284
0,00010279
0,00010274
0,00010269
0,00010264
0,00010260
0,00010257
0,00010253
0,00010250
0,00010248
0,00010245
0,00010243
0,00010240
0,00010238
0,00010236
0,00010234
0,00010232
0,00010231
0,00010229
0,00010227
0,00010225
0,00010224
0,00010222
0,00010221
0,00010219
0,00010218
0,00010216
0,00010215
0,00010214
0,00010213
0,00010212
0,00010211
0,00010210
0,00010209
0,00010209
0,00010208
0,00010208
0,00010207
0,00010207
0,00010206
0,00010205
0,00010203
0,00010201
0,00010199
0,00010197
0,00010194
0,00010191
0,00010188
0,00010184
0,00010181
0,00010178
0,00010175
0,00010173
0,00010170
0,00010168
0,00010166
0,00010164
0,00010163
0,00010161
0,00010160
0,00010159
0,00010158
0,00010157
0,00010156
0,00010155
0,00010154
0,00010153
0,00010153
0,00010152
0,00010151
0,00010151
0,00010150
0,00010149
0,00010148
0,00010147
0,00010146
0,00010145
0,00010144
0,00010143
0,00010142
0,00010140
0,00010139
0,00010137
0,00010135
0,00010133
0,00010130
0,00010128
0,00010126
0,00010125
0,00010123
0,00010121
0,00010120
0,00010118
0,00010117
0,00010116
0,00010115
0,00010114
0,00010114
0,00010113
0,00010113
0,00010112
0,00010112
0,00010111
0,00010111
0,00010111
0,00010110
0,00010110
0,00010110
0,00010110
0,00010110
0,00010110
0,00010110
0,00010110
0,00010110
0,00010110
0,00010110
0,00010111
0,00010111
0,00010112
0,00010113
0,00010114
0,00010115
0,00010116
0,00010118
0,00010119
0,00010121
0,00010122
0,00010123
0,00010125
0,00010126
0,00010127
0,00010128
0,00010129
0,00010130
0,00010131
0,00010132
0,00010132
0,00010133
0,00010134
0,00010135
0,00010136
0,00010137
0,00010138
0,00010140
0,00010141
0,00010142
0,00010144
0,00010145
0,00010147
0,00010149
0,00010151
0,00010152
0,00010154
0,00010156
0,00010158
0,00010160
0,00010161
0,00010163
0,00010164
0,00010166
0,00010168
0,00010169
0,00010171
0,00010173
0,00010175
0,00010177
0,00010178
0,00010180
0,00010182
0,00010184
0,00010185
0,00010187
0,00010189
0,00010190
0,00010192
0,00010193
0,00010195
0,00010196
0,00010198
0,00010199
0,00010200
0,00010202
0,00010203
0,00010205
0,00010206
0,00010208
0,00010210
0,00010211
0,00010212
0,00010214
0,00010215
0,00010216
0,00010217
0,00010218
0,00010219
0,00010220
0,00010221
0,00010221
0,00010222
0,00010222
0,00010223
0,00010223
0,00010223
0,00010222
0,00010222
0,00010222
0,00010221
0,00010221
0,00010220
0,00010219
0,00010218
0,00010217
0,00010216
0,00010215
0,00010214
0,00010213
0,00010211
0,00010209
0,00010207
0,00010205
0,00010203
0,00010201
0,00010199
0,00010196
0,00010194
0,00010191
0,00010189
0,00010187
0,00010184
0,00010182
0,00010179
0,00010177
0,00010175
0,00010172
0,00010170
0,00010167
0,00010165
0,00010162
0,00010160
0,00010157
0,00010154
0,00010152
0,00010149
0,00010146
0,00010143
0,00010140
0,00010137
0,00010134
0,00010130
0,00010127
0,00010124
0,00010120
0,00010117
0,00010114
0,00010111
0,00010107
0,00010104
0,00010101
0,00010098
0,00010094
0,00010091
0,00010088
0,00010085
0,00010082
0,00010078
0,00010075
0,00010072
0,00010068
0,00010065
0,00010062
0,00010058
0,00010055
0,00010051
0,00010048
0,00010045
0,00010042
0,00010039
0,00010036
0,00010033
0,00010030
0,00010027
0,00010024
0,00010021
0,00010019
0,00010016
0,00010012
0,00010009
0,00010006
0,00010003
0,00009999
0,00009996
0,00009993
0,00009989
0,00009986
0,00009983
0,00009980
0,00009976
0,00009973
0,00009970
0,00009967
0,00009964
0,00009961
0,00009958
0,00009955
0,00009953
0,00009950
0,00009947
0,00009944
0,00009942
0,00009939
0,00009936
0,00009934
0,00009931
0,00009928
0,00009926
0,00009923
0,00009920
0,00009918
0,00009915
0,00009912
0,00009910
0,00009907
0,00009904
0,00009901
0,00009898
0,00009895
0,00009892
0,00009889
0,00009885
0,00009882
0,00009879
0,00009875
0,00009872
0,00009869
0,00009865
0,00009862
0,00009859
0,00009856
0,00009852
0,00009849
0,00009846
0,00009842
0,00009839
0,00009836
0,00009832
0,00009829
0,00009825
0,00009821
0,00009818
0,00009814
0,00009810
0,00009806
0,00009803
0,00009799
0,00009796
0,00009792
0,00009789
0,00009785
0,00009782
0,00009778
0,00009775
0,00009771
0,00009767
0,00009763
0,00009759
0,00009756
0,00009752
0,00009748
0,00009744
0,00009740
0,00009736
0,00009733
0,00009729
0,00009725
0,00009721
0,00009718
0,00009714
0,00009710
0,00009706
0,00009702
0,00009698
0,00009694
0,00009690
0,00009686
0,00009682
0,00009678
0,00009674
0,00009670
0,00009666
0,00009662
0,00009658
0,00009654
0,00009650
0,00009646
0,00009641
0,00009637
0,00009633
0,00009629
0,00009624
0,00009620
0,00009616
0,00009612
0,00009607
0,00009603
0,00009599
0,00009595
0,00009592
0,00009588
0,00009584
0,00009581
0,00009577
0,00009574
0,00009571
0,00009567
0,00009564
0,00009561
0,00009557
0,00009554
0,00009551
0,00009548
0,00009544
0,00009541
0,00009538
0,00009535
0,00009532
0,00009529
0,00009526
0,00009524
0,00009521
0,00009518
0,00009515
0,00009512
0,00009509
0,00009507
0,00009503
0,00009500
0,00009497
0,00009494
0,00009490
0,00009487
0,00009484
0,00009481
0,00009477
0,00009474
0,00009471
0,00009468
0,00009465
0,00009462
0,00009460
0,00009457
0,00009454
0,00009451
0,00009448
0,00009445
0,00009442
0,00009438
0,00009435
0,00009432
0,00009428
0,00009425
0,00009422
0,00009418
0,00009415
0,00009412
0,00009409
0,00009406
0,00009403
0,00009400
0,00009397
0,00009394
0,00009392
0,00009389
0,00009387
0,00009385
0,00009382
0,00009380
0,00009378
0,00009376
0,00009375
0,00009373
0,00009372
0,00009370
0,00009369
0,00009368
0,00009367
0,00009366
0,00009365
0,00009364
0,00009364
0,00009363
0,00009363
0,00009362
0,00009362
0,00009362
0,00009362
0,00009362
0,00009362
0,00009362
0,00009362
0,00009363
0,00009363
0,00009363
0,00009364
0,00009364
0,00009365
0,00009365
0,00009365
0,00009365
0,00009365
0,00009366
0,00009366
0,00009366
0,00009366
0,00009366
0,00009367
0,00009367
0,00009367
0,00009368
0,00009368
0,00009368
0,00009369
0,00009369
0,00009370
0,00009370
0,00009371
0,00009372
0,00009373
0,00009374
0,00009375
0,00009376
0,00009377
0,00009379
0,00009380
0,00009381
0,00009383
0,00009384
0,00009386
0,00009388
0,00009390
0,00009392
0,00009394
0,00009396
0,00009398
0,00009400
0,00009403
0,00009405
0,00009406
0,00009408
0,00009410
0,00009412
0,00009414
0,00009416
0,00009417
0,00009419
0,00009421
0,00009422
0,00009424
0,00009426
0,00009427
0,00009429
0,00009430
0,00009432
0,00009433
0,00009435
0,00009436
0,00009437
0,00009437
0,00009437
0,00009437
0,00009437
0,00009436
0,00009435
0,00009433
0,00009432
0,00009430
0,00009427
0,00009425
0,00009422
0,00009419
0,00009415
0,00009412
0,00009408
0,00009404
0,00009400
0,00009395
0,00009390
0,00009385
0,00009380
0,00009374
0,00009369
0,00009363
0,00009357
0,00009350
0,00009344
0,00009337
0,00009330
0,00009323
0,00009316
0,00009308
0,00009300
0,00009293
0,00009285
0,00009277
0,00009268
0,00009260
0,00009252
0,00009243
0,00009235
0,00009226
0,00009218
0,00009209
0,00009200
0,00009190
0,00009181
0,00009172
0,00009162
0,00009152
0,00009142
0,00009132
0,00009121
0,00009110
0,00009099
0,00009087
0,00009075
0,00009063
0,00009050
0,00009036
0,00009022
0,00009008
0,00008993
0,00008979
0,00008964
0,00008950
0,00008935
0,00008920
0,00008905
0,00008890
0,00008875
0,00008860
0,00008845
0,00008829
0,00008814
0,00008799
0,00008784
0,00008769
0,00008754
0,00008738
0,00008723
0,00008708
0,00008693
0,00008678
0,00008662
0,00008647
0,00008631
0,00008616
0,00008600
0,00008585
0,00008569
0,00008553
0,00008537
0,00008520
0,00008504
0,00008488
0,00008472
0,00008456
0,00008440
0,00008424
0,00008408
0,00008393
0,00008377
0,00008362
0,00008347
0,00008331
0,00008316
0,00008301
0,00008286
0,00008271
0,00008256
0,00008242
0,00008227
0,00008212
0,00008198
0,00008184
0,00008170
0,00008155
0,00008142
0,00008128
0,00008114
0,00008100
0,00008087
0,00008073
0,00008060
0,00008047
0,00008033
0,00008021
0,00008008
0,00007996
0,00007984
0,00007972
0,00007960
0,00007948
0,00007937
0,00007926
0,00007914
0,00007903
0,00007892
0,00007882
0,00007871
0,00007861
0,00007850
0,00007840
0,00007831
0,00007821
0,00007812
0,00007803
0,00007794
0,00007786
0,00007778
0,00007770
0,00007763
0,00007756
0,00007749
0,00007743
0,00007737
0,00007732
0,00007728
0,00007724
0,00007721
0,00007718
0,00007715
0,00007712
0,00007710
0,00007708
0,00007705
0,00007703
0,00007701
0,00007699
0,00007698
0,00007696
0,00007694
0,00007693
0,00007691
0,00007690
0,00007689
0,00007688
0,00007687
0,00007686
0,00007685
0,00007684
0,00007683
0,00007682
0,00007682
0,00007682
0,00007682
0,00007682
0,00007682
0,00007683
0,00007684
0,00007685
0,00007687
0,00007689
0,00007691
0,00007693
0,00007696
0,00007698
0,00007701
0,00007704
0,00007707
0,00007710
0,00007713
0,00007717
0,00007720
0,00007724
0,00007728
0,00007733
0,00007737
0,00007741
0,00007746
0,00007750
0,00007755
0,00007760
0,00007765
0,00007770
0,00007775
0,00007780
0,00007785
0,00007790
0,00007796
0,00007801
0,00007807
0,00007812
0,00007818
0,00007823
0,00007829
0,00007834
0,00007840
0,00007845
0,00007850
0,00007854
0,00007859
0,00007864
0,00007869
0,00007874
0,00007879
0,00007884
0,00007889
0,00007894
0,00007899
0,00007904
0,00007908
0,00007913
0,00007917
0,00007922
0,00007926
0,00007930
0,00007934
0,00007939
0,00007943
0,00007947
0,00007951
0,00007955
0,00007959
0,00007962
0,00007966
0,00007969
0,00007972
0,00007975
0,00007978
0,00007981
0,00007984
0,00007987
0,00007989
0,00007992
0,00007995
0,00007997
0,00008000
0,00008002
0,00008005
0,00008007
0,00008010
0,00008012
0,00008015
0,00008017
0,00008019
0,00008022
0,00008024
0,00008027
0,00008029
0,00008032
0,00008035
0,00008037
0,00008040
0,00008042
0,00008045
0,00008047
0,00008049
0,00008052
0,00008054
0,00008056
0,00008058
0,00008060
0,00008061
0,00008063
0,00008065
0,00008066
0,00008068
0,00008070
0,00008071
0,00008073
0,00008074
0,00008075
0,00008076
0,00008077
0,00008078
0,00008078
0,00008079
0,00008080
0,00008080
0,00008081
0,00008081
0,00008082
0,00008082
0,00008083
0,00008083
0,00008083
0,00008084
0,00008084
0,00008084
0,00008085
0,00008085
0,00008085
0,00008086
0,00008086
0,00008087
0,00008087
0,00008088
0,00008088
0,00008089
0,00008090
0,00008091
0,00008092
0,00008093
0,00008094
0,00008094
0,00008095
0,00008096
0,00008097
0,00008098
0,00008099
0,00008100
0,00008101
0,00008102
0,00008104
0,00008105
0,00008106
0,00008108
0,00008110
0,00008112
0,00008114
0,00008116
0,00008118
0,00008121
0,00008123
0,00008126
0,00008129
0,00008132
0,00008136
0,00008139
0,00008143
0,00008146
0,00008150
0,00008154
0,00008158
0,00008162
0,00008166
0,00008170
0,00008174
0,00008178
0,00008182
0,00008186
0,00008190
0,00008193
0,00008197
0,00008201
0,00008205
0,00008209
0,00008212
0,00008216
0,00008220
0,00008224
0,00008228
0,00008232
0,00008236
0,00008240
0,00008244
0,00008249
0,00008253
0,00008257
0,00008262
0,00008266
0,00008270
0,00008275
0,00008279
0,00008284
0,00008288
0,00008292
0,00008297
0,00008302
0,00008306
0,00008311
0,00008315
0,00008320
0,00008324
0,00008329
0,00008333
0,00008337
0,00008341
0,00008344
0,00008348
0,00008351
0,00008355
0,00008358
0,00008361
0,00008364
0,00008366
0,00008369
0,00008371
0,00008374
0,00008376
0,00008378
0,00008379
0,00008381
0,00008383
0,00008384
0,00008385
0,00008386
0,00008388
0,00008388
0,00008389
0,00008390
0,00008391
0,00008391
0,00008392
0,00008392
0,00008392
0,00008392
0,00008392
0,00008392
0,00008392
0,00008391
0,00008391
0,00008390
0,00008389
0,00008388
0,00008387
0,00008386
0,00008384
0,00008382
0,00008380
0,00008378
0,00008375
0,00008373
0,00008370
0,00008366
0,00008363
0,00008359
0,00008355
0,00008351
0,00008347
0,00008343
0,00008338
0,00008334
0,00008329
0,00008324
0,00008320
0,00008315
0,00008310
0,00008305
0,00008300
0,00008295
0,00008290
0,00008285
0,00008280
0,00008275
0,00008270
0,00008265
0,00008260
0,00008255
0,00008249
0,00008243
0,00008238
0,00008232
0,00008226
0,00008220
0,00008213
0,00008207
0,00008200
0,00008194
0,00008187
0,00008180
0,00008174
0,00008167
0,00008160
0,00008152
0,00008145
0,00008138
0,00008131
0,00008123
0,00008116
0,00008108
0,00008101
0,00008094
0,00008086
0,00008079
0,00008072
0,00008065
0,00008058
0,00008052
0,00008045
0,00008039
0,00008032
0,00008026
0,00008020
0,00008014
0,00008008
0,00008002
0,00007996
0,00007990
0,00007984
0,00007979
0,00007973
0,00007968
0,00007962
0,00007957
0,00007952
0,00007946
0,00007941
0,00007935
0,00007930
0,00007925
0,00007919
0,00007914
0,00007909
0,00007904
0,00007899
0,00007894
0,00007889
0,00007884
0,00007879
0,00007874
0,00007869
0,00007864
0,00007860
0,00007855
0,00007850
0,00007846
0,00007841
0,00007837
0,00007832
0,00007827
0,00007823
0,00007818
0,00007814
0,00007809
0,00007805
0,00007801
0,00007796
0,00007792
0,00007788
0,00007784
0,00007780
0,00007776
0,00007772
0,00007767
0,00007763
0,00007759
0,00007755
0,00007751
0,00007747
0,00007743
0,00007739
0,00007735
0,00007731
0,00007728
0,00007724
0,00007720
0,00007716
0,00007713
0,00007709
0,00007706
0,00007702
0,00007699
0,00007696
0,00007692
0,00007689
0,00007686
0,00007683
0,00007680
0,00007677
0,00007674
0,00007671
0,00007668
0,00007665
0,00007663
0,00007661
0,00007659
0,00007658
0,00007657
0,00007657
0,00007656
0,00007656
0,00007656
0,00007657
0,00007657
0,00007658
0,00007659
0,00007661
0,00007662
0,00007664
0,00007666
0,00007668
0,00007670
0,00007672
0,00007675
0,00007678
0,00007681
0,00007684
0,00007687
0,00007691
0,00007695
0,00007698
0,00007703
0,00007707
0,00007711
0,00007715
0,00007720
0,00007725
0,00007730
0,00007735
0,00007740
0,00007745
0,00007750
0,00007755
0,00007761
0,00007767
0,00007772
0,00007778
0,00007784
0,00007789
0,00007795
0,00007801
0,00007807
0,00007813
0,00007819
0,00007826
0,00007832
0,00007839
0,00007845
0,00007851
0,00007857
0,00007864
0,00007870
0,00007876
0,00007882
0,00007888
0,00007894
0,00007900
0,00007906
0,00007912
0,00007918
0,00007923
0,00007929
0,00007935
0,00007940
0,00007946
0,00007952
0,00007959
0,00007965
0,00007971
0,00007978
0,00007984
0,00007991
0,00007997
0,00008004
0,00008011
0,00008018
0,00008024
0,00008031
0,00008038
0,00008046
0,00008053
0,00008060
0,00008068
0,00008076
0,00008083
0,00008091
0,00008099
0,00008107
0,00008115
0,00008123
0,00008131
0,00008139
0,00008147
0,00008155
0,00008163
0,00008171
0,00008178
0,00008185
0,00008192
0,00008199
0,00008205
0,00008212
0,00008218
0,00008224
0,00008230
0,00008236
0,00008241
0,00008247
0,00008253
0,00008258
0,00008263
0,00008269
0,00008274
0,00008280
0,00008285
0,00008290
0,00008296
0,00008301
0,00008307
0,00008312
0,00008318
0,00008323
0,00008329
0,00008334
0,00008340
0,00008345
0,00008350
0,00008356
0,00008361
0,00008366
0,00008371
0,00008377
0,00008382
0,00008387
0,00008391
0,00008396
0,00008401
0,00008405
0,00008410
0,00008414
0,00008419
0,00008423
0,00008428
0,00008432
0,00008436
0,00008441
0,00008445
0,00008449
0,00008454
0,00008458
0,00008463
0,00008467
0,00008472
0,00008476
0,00008481
0,00008485
0,00008490
0,00008495
0,00008500
0,00008505
0,00008509
0,00008514
0,00008519
0,00008524
0,00008528
0,00008532
0,00008536
0,00008540
0,00008544
0,00008547
0,00008551
0,00008554
0,00008557
0,00008559
0,00008562
0,00008564
0,00008566
0,00008568
0,00008569
0,00008571
0,00008571
0,00008572
0,00008572
0,00008572
0,00008572
0,00008571
0,00008571
0,00008570
0,00008570
0,00008569
0,00008568
0,00008566
0,00008565
0,00008563
0,00008561
0,00008559
0,00008557
0,00008555
0,00008553
0,00008551
0,00008549
0,00008547
0,00008545
0,00008543
0,00008541
0,00008538
0,00008536
0,00008533
0,00008531
0,00008528
0,00008525
0,00008522
0,00008519
0,00008516
0,00008512
0,00008509
0,00008505
0,00008501
0,00008497
0,00008492
0,00008488
0,00008483
0,00008479
0,00008474
0,00008469
0,00008465
0,00008460
0,00008455
0,00008450
0,00008445
0,00008440
0,00008435
0,00008430
0,00008425
0,00008420
0,00008416
0,00008411
0,00008406
0,00008401
0,00008396
0,00008391
0,00008386
0,00008381
0,00008377
0,00008372
0,00008367
0,00008363
0,00008358
0,00008354
0,00008350
0,00008345
0,00008341
0,00008337
0,00008333
0,00008329
0,00008326
0,00008322
0,00008318
0,00008315
0,00008311
0,00008308
0,00008305
0,00008302
0,00008299
0,00008296
0,00008294
0,00008292
0,00008290
0,00008288
0,00008286
0,00008284
0,00008282
0,00008281
0,00008279
0,00008278
0,00008277
0,00008275
0,00008274
0,00008273
0,00008272
0,00008272
0,00008271
0,00008271
0,00008271
0,00008271
0,00008270
0,00008270
0,00008271
0,00008271
0,00008271
0,00008271
0,00008271
0,00008271
0,00008272
0,00008272
0,00008272
0,00008273
0,00008273
0,00008273
0,00008273
0,00008273
0,00008273
0,00008273
0,00008273
0,00008272
0,00008272
0,00008272
0,00008272
0,00008272
0,00008272
0,00008272
0,00008273
0,00008273
0,00008274
0,00008274
0,00008275
0,00008275
0,00008276
0,00008277
0,00008278
0,00008279
0,00008280
0,00008281
0,00008282
0,00008283
0,00008284
0,00008286
0,00008287
0,00008288
0,00008289
0,00008290
0,00008291
0,00008293
0,00008293
0,00008294
0,00008295
0,00008296
0,00008297
0,00008298
0,00008299
0,00008300
0,00008301
0,00008302
0,00008303
0,00008303
0,00008303
0,00008304
0,00008304
0,00008303
0,00008303
0,00008303
0,00008303
0,00008302
0,00008302
0,00008301
0,00008301
0,00008300
0,00008299
0,00008299
0,00008298
0,00008297
0,00008295
0,00008294
0,00008292
0,00008291
0,00008289
0,00008288
0,00008286
0,00008284
0,00008282
0,00008280
0,00008278
0,00008276
0,00008274
0,00008273
0,00008271
0,00008269
0,00008267
0,00008265
0,00008263
0,00008262
0,00008260
0,00008258
0,00008256
0,00008254
0,00008253
0,00008251
0,00008249
0,00008247
0,00008245
0,00008243
0,00008241
0,00008240
0,00008238
0,00008236
0,00008235
0,00008233
0,00008232
0,00008231
0,00008230
0,00008229
0,00008227
0,00008227
0,00008226
0,00008225
0,00008224
0,00008223
0,00008222
0,00008221
0,00008220
0,00008219
0,00008218
0,00008217
0,00008216
0,00008215
0,00008213
0,00008212
0,00008211
0,00008209
0,00008207
0,00008205
0,00008203
0,00008201
0,00008199
0,00008197
0,00008195
0,00008193
0,00008190
0,00008188
0,00008185
0,00008183
0,00008180
0,00008178
0,00008175
0,00008173
0,00008170
0,00008168
0,00008165
0,00008162
0,00008160
0,00008157
0,00008154
0,00008151
0,00008149
0,00008146
0,00008144
0,00008141
0,00008139
0,00008137
0,00008134
0,00008132
0,00008130
0,00008127
0,00008125
0,00008123
0,00008121
0,00008118
0,00008116
0,00008114
0,00008112
0,00008110
0,00008108
0,00008106
0,00008104
0,00008102
0,00008100
0,00008098
0,00008096
0,00008095
0,00008093
0,00008092
0,00008091
0,00008089
0,00008088
0,00008087
0,00008086
0,00008085
0,00008085
0,00008084
0,00008084
0,00008083
0,00008083
0,00008083
0,00008083
0,00008082
0,00008082
0,00008083
0,00008083
0,00008083
0,00008084
0,00008084
0,00008084
0,00008085
0,00008085
0,00008086
0,00008086
0,00008087
0,00008087
0,00008088
0,00008088
0,00008089
0,00008089
0,00008090
0,00008091
0,00008091
0,00008092
0,00008093
0,00008093
0,00008094
0,00008095
0,00008096
0,00008097
0,00008098
0,00008099
0,00008100
0,00008101
0,00008103
0,00008104
0,00008106
0,00008108
0,00008109
0,00008111
0,00008114
0,00008116
0,00008118
0,00008120
0,00008123
0,00008125
0,00008127
0,00008130
0,00008132
0,00008135
0,00008138
0,00008141
0,00008143
0,00008146
0,00008150
0,00008153
0,00008156
0,00008160
0,00008163
0,00008167
0,00008170
0,00008174
0,00008178
0,00008181
0,00008185
0,00008189
0,00008193
0,00008197
0,00008201
0,00008205
0,00008209
0,00008213
0,00008217
0,00008221
0,00008225
0,00008228
0,00008232
0,00008236
0,00008240
0,00008244
0,00008248
0,00008253
0,00008257
0,00008261
0,00008265
0,00008269
0,00008273
0,00008277
0,00008280
0,00008284
0,00008288
0,00008292
0,00008295
0,00008299
0,00008302
0,00008306
0,00008309
0,00008312
0,00008315
0,00008318
0,00008321
0,00008324
0,00008327
0,00008330
0,00008333
0,00008335
0,00008338
0,00008341
0,00008343
0,00008346
0,00008348
0,00008351
0,00008354
0,00008356
0,00008359
0,00008361
0,00008364
0,00008366
0,00008368
0,00008371
0,00008373
0,00008375
0,00008378
0,00008380
0,00008382
0,00008384
0,00008386
0,00008388
0,00008390
0,00008392
0,00008394
0,00008395
0,00008397
0,00008399
0,00008400
0,00008402
0,00008403
0,00008404
0,00008406
0,00008407
0,00008408
0,00008409
0,00008410
0,00008411
0,00008412
0,00008413
0,00008414
0,00008415
0,00008416
0,00008417
0,00008418
0,00008419
0,00008419
0,00008420
0,00008421
0,00008421
0,00008421
0,00008422
0,00008422
0,00008423
0,00008423
0,00008423
0,00008424
0,00008424
0,00008425
0,00008425
0,00008426
0,00008426
0,00008427
0,00008427
0,00008428
0,00008428
0,00008429
0,00008429
0,00008430
0,00008430
0,00008431
0,00008432
0,00008432
0,00008433
0,00008433
0,00008434
0,00008434
0,00008435
0,00008435
0,00008436
0,00008436
0,00008437
0,00008437
0,00008438
0,00008438
0,00008439
0,00008440
0,00008440
0,00008441
0,00008441
0,00008442
0,00008442
0,00008443
0,00008444
0,00008444
0,00008445
0,00008445
0,00008446
0,00008446
0,00008447
0,00008447
0,00008448
0,00008448
0,00008448
0,00008449
0,00008449
0,00008449
0,00008450
0,00008450
0,00008450
0,00008450
0,00008450
0,00008450
0,00008450
0,00008450
0,00008450
0,00008451
0,00008451
0,00008451
0,00008451
0,00008452
0,00008452
0,00008452
0,00008453
0,00008453
0,00008454
0,00008454
0,00008455
0,00008455
0,00008455
0,00008456
0,00008456
0,00008457
0,00008457
0,00008458
0,00008458
0,00008458
0,00008459
0,00008459
0,00008460
0,00008460
0,00008461
0,00008461
0,00008462
0,00008462
0,00008463
0,00008463
0,00008464
0,00008465
0,00008466
0,00008466
0,00008467
0,00008468
0,00008468
0,00008469
0,00008469
0,00008470
0,00008470
0,00008470
0,00008470
0,00008471
0,00008471
0,00008471
0,00008471
0,00008471
0,00008472
0,00008472
0,00008472
0,00008472
0,00008473
0,00008473
0,00008473
0,00008473
0,00008473
0,00008474
0,00008474
0,00008474
0,00008474
0,00008475
0,00008475
0,00008475
0,00008475
0,00008475
0,00008475
0,00008475
0,00008476
0,00008476
0,00008476
0,00008476
0,00008476
0,00008476
0,00008476
0,00008477
0,00008477
0,00008477
0,00008477
0,00008477
0,00008478
0,00008478
0,00008478
0,00008479
0,00008479
0,00008479
0,00008480
0,00008480
0,00008480
0,00008481
0,00008481
0,00008482
0,00008482
0,00008483
0,00008484
0,00008485
0,00008486
0,00008488
0,00008490
0,00008492
0,00008494
0,00008496
0,00008499
0,00008501
0,00008504
0,00008507
0,00008510
0,00008513
0,00008516
0,00008519
0,00008523
0,00008526
0,00008530
0,00008534
0,00008538
0,00008542
0,00008547
0,00008551
0,00008555
0,00008560
0,00008564
0,00008569
0,00008574
0,00008579
0,00008584
0,00008589
0,00008594
0,00008599
0,00008605
0,00008610
0,00008615
0,00008621
0,00008626
0,00008632
0,00008638
0,00008643
0,00008649
0,00008655
0,00008661
0,00008667
0,00008673
0,00008679
0,00008685
0,00008691
0,00008698
0,00008704
0,00008710
0,00008717
0,00008723
0,00008730
0,00008736
0,00008743
0,00008750
0,00008757
0,00008763
0,00008770
0,00008777
0,00008784
0,00008791
0,00008798
0,00008805
0,00008812
0,00008819
0,00008827
0,00008834
0,00008842
0,00008849
0,00008857
0,00008865
0,00008872
0,00008880
0,00008888
0,00008896
0,00008904
0,00008912
0,00008920
0,00008928
0,00008936
0,00008944
0,00008952
0,00008960
0,00008967
0,00008975
0,00008983
0,00008991
0,00008999
0,00009008
0,00009016
0,00009024
0,00009032
0,00009040
0,00009048
0,00009056
0,00009064
0,00009072
0,00009079
0,00009086
0,00009093
0,00009100
0,00009107
0,00009113
0,00009119
0,00009125
0,00009131
0,00009137
0,00009143
0,00009148
0,00009154
0,00009159
0,00009164
0,00009169
0,00009173
0,00009178
0,00009182
0,00009187
0,00009191
0,00009195
0,00009199
0,00009203
0,00009207
0,00009211
0,00009214
0,00009218
0,00009221
0,00009225
0,00009228
0,00009231
0,00009234
0,00009237
0,00009240
0,00009243
0,00009246
0,00009249
0,00009251
0,00009254
0,00009256
0,00009259
0,00009261
0,00009263
0,00009264
0,00009266
0,00009268
0,00009269
0,00009271
0,00009272
0,00009273
0,00009274
0,00009275
0,00009275
0,00009276
0,00009276
0,00009276
0,00009276
0,00009276
0,00009276
0,00009276
0,00009275
0,00009275
0,00009274
0,00009273
0,00009272
0,00009271
0,00009270
0,00009268
0,00009267
0,00009265
0,00009263
0,00009261
0,00009259
0,00009257
0,00009255
0,00009253
0,00009250
0,00009248
0,00009245
0,00009242
0,00009240
0,00009237
0,00009234
0,00009232
0,00009229
0,00009226
0,00009223
0,00009220
0,00009218
0,00009215
0,00009212
0,00009209
0,00009207
0,00009204
0,00009202
0,00009199
0,00009197
0,00009194
0,00009192
0,00009190
0,00009188
0,00009186
0,00009184
0,00009182
0,00009180
0,00009179
0,00009177
0,00009175
0,00009173
0,00009172
0,00009170
0,00009168
0,00009167
0,00009165
0,00009163
0,00009162
0,00009160
0,00009159
0,00009158
0,00009156
0,00009155
0,00009154
0,00009153
0,00009151
0,00009150
0,00009149
0,00009148
0,00009147
0,00009146
0,00009145
0,00009144
0,00009143
0,00009142
0,00009141
0,00009140
0,00009140
0,00009139
0,00009138
0,00009137
0,00009137
0,00009136
0,00009135
0,00009135
0,00009134
0,00009134
0,00009133
0,00009133
0,00009133
0,00009133
0,00009133
0,00009133
0,00009133
0,00009134
0,00009135
0,00009135
0,00009136
0,00009137
0,00009138
0,00009139
0,00009140
0,00009142
0,00009143
0,00009145
0,00009147
0,00009149
0,00009151
0,00009153
0,00009156
0,00009158
0,00009161
0,00009163
0,00009166
0,00009169
0,00009172
0,00009175
0,00009178
0,00009181
0,00009184
0,00009187
0,00009191
0,00009194
0,00009198
0,00009201
0,00009205
0,00009208
0,00009212
0,00009216
0,00009219
0,00009223
0,00009226
0,00009230
0,00009233
0,00009236
0,00009239
0,00009242
0,00009245
0,00009247
0,00009250
0,00009252
0,00009254
0,00009256
0,00009258
0,00009260
0,00009261
0,00009263
0,00009265
0,00009266
0,00009268
0,00009269
0,00009270
0,00009272
0,00009273
0,00009275
0,00009276
0,00009277
0,00009278
0,00009279
0,00009280
0,00009281
0,00009282
0,00009283
0,00009284
0,00009285
0,00009285
0,00009286
0,00009287
0,00009287
0,00009288
0,00009288
0,00009289
0,00009289
0,00009290
0,00009290
0,00009291
0,00009292
0,00009292
0,00009293
0,00009294
0,00009295
0,00009296
0,00009297
0,00009298
0,00009299
0,00009300
0,00009301
0,00009302
0,00009304
0,00009305
0,00009306
0,00009307
0,00009308
0,00009309
0,00009310
0,00009311
0,00009312
0,00009313
0,00009314
0,00009314
0,00009315
0,00009316
0,00009316
0,00009317
0,00009317
0,00009317
0,00009318
0,00009318
0,00009318
0,00009318
0,00009318
0,00009318
0,00009318
0,00009317
0,00009317
